135 309
135 320
136 146
136 156
136 169
136 213
136 246
136 285
136 304
136 308
136 315
136 322
136 324
136 339
136 1718
136 1912
136 1926
136 1932
136 1939
136 1945
136 1951
136 1955
136 1972
136 1973
136 1976
136 1991
136 1995
136 1998
136 2001
136 2004
136 2007
136 2009
136 2018
136 2024
136 2027
136 2032
136 2038
136 2039
136 2042
136 2054
136 2068
136 2071
136 2072
136 2081
136 2102
136 2111
136 2116
136 2117
136 2127
136 2128
136 2133
136 2135
136 2138
136 2143
136 2153
136 2157
136 2171
136 2174
136 2180
136 2183
136 2187
136 2189
136 2199
136 2203
136 2223
136 2224
136 2225
136 2247
136 2250
136 2254
136 2264
136 2267
136 2268
136 2279
136 2283
136 2284
136 2289
136 2292
136 2302
136 2319
136 2327
136 2336
136 2337
136 2364
136 2378
136 2384
136 2398
136 2417
136 2436
136 2445
136 2447
136 2451
136 2458
136 2459
136 2461
136 2463
136 2471
136 2472
136 2475
136 2491
136 2494
136 2498
136 2502
136 2508
136 2510
136 2511
136 2529
136 2533
136 2538
136 2543
136 2547
136 2571
136 2583
136 2589
136 2598
136 2617
136 2629
136 2635
136 2636
136 2640
136 2643
136 2647
136 2649
136 2653
136 2660
137 140
137 167
137 214
137 243
137 289
137 310
137 312
137 326
137 337
139 159
139 184
139 197
139 251
139 281
139 284
139 320
140 144
140 214
140 312
140 326
141 172
141 199
141 224
141 236
141 239
141 257
141 258
141 271
141 272
141 276
141 280
141 291
141 304
141 323
142 158
142 161
142 169
142 170
142 186
142 188
142 200
142 203
142 236
142 239
142 252
142 271
142 277
142 280
142 285
142 297
142 303
142 308
142 315
142 322
142 323
142 332
142 334
142 345
143 175
143 177
143 225
143 227
143 278
143 321
144 149
144 151
144 226
144 312
144 326
144 343
145 179
146 148
146 285
146 313
146 317
146 339
147 219
147 319
148 176
148 185
148 224
148 229
148 261
148 271
148 272
148 339
149 162
149 226
149 312
149 326
149 333
149 343
150 163
150 171
150 189
150 217
150 324
150 329
151 310
151 312
152 181
152 275
152 339
153 280
154 219
155 157
156 188
156 235
156 258
156 272
156 295
158 168
158 232
158 242
158 248
158 291
158 304
158 315
158 317
158 322
158 325
158 332
158 339
159 172
159 184
159 197
159 272
159 277
159 281
159 284
159 320
159 345
160 260
161 199
161 203
161 213
161 252
161 258
161 271
161 277
161 304
161 308
161 314
161 322
161 325
161 339
162 312
162 326
162 333
162 343
163 173
163 249
164 285
165 169
165 188
165 200
165 334
165 342
166 173
166 198
166 202
167 243
167 310
167 337
168 277
168 291
168 304
168 339
168 347
169 185
169 236
169 239
169 248
169 252
169 257
169 271
169 277
169 280
169 291
169 315
169 318
169 322
169 332
169 334
170 176
170 185
170 186
170 188
170 200
170 203
170 211
170 223
170 239
170 250
170 252
170 260
170 268
170 271
170 274
170 277
170 285
170 290
170 304
170 313
170 315
170 322
170 323
170 332
170 334
170 341
170 342
171 189
171 217
171 904
171 1171
171 1193
171 1297
171 1387
171 1486
171 1549
171 1684
171 2704
171 2740
171 2838
171 2885
171 3003
171 3290
172 199
172 203
172 211
172 212
172 223
172 231
172 232
172 238
172 239
172 252
172 261
172 265
172 268
172 271
172 277
172 298
172 304
172 308
172 313
172 325
172 329
172 331
172 332
172 342
173 202
173 348
173 414
173 427
173 464
173 549
173 649
174 293
175 177
175 225
175 227
175 263
175 277
175 278
175 296
175 321
176 188
176 239
176 271
176 290
177 225
177 227
177 278
178 186
178 206
178 213
178 231
178 272
178 303
178 322
178 329
178 345
180 187
180 194
180 196
180 204
180 242
180 249
180 254
180 266
180 299
180 302
180 346
181 195
181 218
181 273
181 275
181 306
181 328
182 253
184 197
184 251
184 272
184 281
184 284
184 309
184 320
184 329
184 346
185 188
185 200
185 271
185 272
185 274
185 280
185 285
185 290
185 297
185 315
185 322
185 344
186 188
186 199
186 200
186 203
186 213
186 221
186 222
186 223
186 236
186 239
186 252
186 271
186 272
186 277
186 285
186 303
186 322
186 323
186 325
186 331
186 341
186 345
187 194
187 242
187 249
187 254
187 266
187 299
187 302
187 346
188 200
188 208
188 223
188 224
188 239
188 252
188 258
188 271
188 272
188 274
188 277
188 280
188 285
188 290
188 291
188 297
188 304
188 315
188 322
188 323
188 334
188 341
188 342
189 217
190 229
192 205
193 259
194 196
194 204
194 242
194 249
194 254
194 266
194 299
194 302
194 346
195 218
195 273
195 275
195 306
195 328
196 204
196 249
196 254
196 266
196 285
196 330
196 346
197 251
197 272
197 281
197 284
197 309
197 320
197 329
198 348
198 351
198 364
198 393
198 399
198 441
198 476
198 501
198 549
198 564
199 200
199 203
199 211
199 212
199 222
199 223
199 231
199 232
199 238
199 239
199 252
199 261
199 265
199 271
199 288
199 291
199 298
199 304
199 313
199 314
199 315
199 322
199 324
199 325
199 342
200 203
200 223
200 224
200 232
200 236
200 239
200 248
200 252
200 271
200 274
200 276
200 277
200 280
200 285
200 297
200 304
200 322
200 323
200 324
200 325
200 332
200 334
201 259
202 329
203 211
203 223
203 238
203 239
203 261
203 265
203 268
203 270
203 271
203 272
203 277
203 285
203 297
203 304
203 308
203 313
203 315
203 322
203 324
203 325
203 331
203 332
203 334
203 338
203 341
203 342
204 213
204 242
204 249
204 254
204 266
204 277
204 302
204 329
204 330
204 346
206 260
207 322
208 277
208 285
208 291
208 332
211 222
211 223
211 238
211 239
211 261
211 265
211 268
211 271
211 272
211 285
211 304
211 313
211 315
211 325
211 331
211 342
212 232
212 239
212 252
212 271
212 295
212 298
212 304
212 344
213 224
213 231
213 236
213 239
213 242
213 246
213 249
213 272
213 277
213 285
213 291
213 303
213 308
213 315
213 322
213 324
213 332
213 340
213 345
214 230
214 289
214 312
214 326
214 333
214 343
216 243
217 324
218 273
218 275
218 306
218 328
219 319
220 262
220 312
221 285
221 303
221 322
222 238
222 240
222 313
222 325
223 239
223 246
223 252
223 261
223 265
223 271
223 313
223 315
223 325
223 342
224 232
224 236
224 261
224 271
224 276
224 291
224 304
224 315
224 322
224 324
224 332
225 227
225 278
226 312
226 326
226 333
226 343
227 263
227 278
227 296
228 283
229 334
230 253
230 307
231 232
231 239
231 280
231 291
231 315
231 329
231 332
232 239
232 271
232 276
232 280
232 285
232 291
232 298
232 322
233 256
234 239
236 248
236 252
236 257
236 271
236 272
236 276
236 280
236 297
236 303
236 304
236 314
236 315
236 318
236 322
238 239
238 252
238 261
238 265
238 271
238 313
238 324
238 325
238 342
239 252
239 261
239 265
239 271
239 272
239 276
239 277
239 280
239 285
239 295
239 303
239 304
239 313
239 322
239 323
239 325
239 338
239 344
242 249
242 254
242 266
242 299
242 302
242 322
242 330
242 346
243 310
243 312
243 337
244 282
245 259
246 285
246 304
246 308
246 315
246 322
246 339
246 340
248 252
248 265
248 277
248 291
248 311
248 323
248 332
249 254
249 266
249 299
249 302
249 304
249 315
249 330
249 346
250 252
250 322
251 281
251 284
251 309
251 320
252 261
252 265
252 271
252 272
252 277
252 280
252 285
252 291
252 297
252 304
252 308
252 313
252 315
252 322
252 324
252 325
252 332
252 334
252 338
252 342
252 345
254 266
254 299
254 302
254 330
254 346
257 258
257 272
257 280
257 295
257 304
257 315
257 322
257 344
258 272
258 291
258 295
258 323
259 264
260 322
260 339
261 265
261 268
261 271
261 285
261 297
261 313
261 314
261 318
261 325
261 342
261 345
262 312
263 296
265 271
265 298
265 311
265 313
265 325
265 331
265 342
266 302
266 330
266 346
268 271
268 325
269 329
271 272
271 276
271 277
271 280
271 285
271 290
271 291
271 297
271 298
271 304
271 313
271 314
271 315
271 318
271 322
271 323
271 325
271 331
271 332
271 342
272 277
272 280
272 281
272 285
272 291
272 297
272 304
272 320
272 329
272 346
273 275
273 306
273 328
274 323
274 341
275 306
275 328
276 322
277 280
277 285
277 290
277 291
277 294
277 304
277 308
277 311
277 315
277 322
277 323
277 324
277 325
277 332
277 334
277 339
277 342
280 290
280 291
280 297
280 304
280 315
280 322
280 323
280 329
280 332
281 284
281 309
281 320
284 309
284 320
284 329
285 303
285 304
285 313
285 315
285 322
285 323
285 332
285 342
285 345
288 315
290 322
290 323
290 342
291 315
291 329
291 332
291 339
297 322
297 323
297 324
299 300
299 302
299 330
299 346
300 320
300 346
301 324
302 315
302 330
302 346
303 315
303 322
303 345
304 308
304 315
304 322
304 324
304 325
304 332
304 334
304 341
304 347
305 312
306 328
308 322
308 323
308 329
308 334
308 338
309 320
310 337
311 325
311 344
312 326
312 343
313 314
313 315
313 325
313 339
313 342
314 342
315 322
315 323
315 324
315 329
315 339
315 345
318 334
319 327
320 329
320 346
322 323
322 329
322 339
322 341
322 342
322 345
323 332
323 341
324 329
324 331
324 332
324 340
325 342
326 343
329 332
330 346
331 332
333 343
334 339
339 340
339 347
348 349
348 350
348 351
348 352
348 353
348 354
348 355
348 356
348 357
348 358
348 359
348 360
348 361
348 362
348 363
348 364
348 365
348 366
348 367
348 368
348 369
348 370
348 371
348 372
348 373
348 374
348 375
348 376
348 377
348 378
348 379
348 380
348 381
348 382
348 383
348 384
348 385
348 386
348 387
348 388
348 389
348 390
348 391
348 392
348 393
348 394
348 395
348 396
348 397
348 398
348 399
348 400
348 401
348 402
348 403
348 404
348 405
348 406
348 407
348 408
348 409
348 410
348 411
348 412
348 413
348 414
348 415
348 416
348 417
348 418
348 419
348 420
348 421
348 422
348 423
348 424
348 425
348 426
348 427
348 428
348 429
348 430
348 431
348 432
348 433
348 434
348 435
348 436
348 437
348 438
348 439
348 440
348 441
348 442
348 443
348 444
348 445
348 446
348 447
348 448
348 449
348 450
348 451
348 452
348 453
348 454
348 455
348 456
348 457
348 458
348 459
348 460
348 461
348 462
348 463
348 464
348 465
348 466
348 467
348 468
348 469
348 470
348 471
348 472
348 473
348 474
348 475
348 476
348 477
348 478
348 479
348 480
348 481
348 482
348 483
348 484
348 485
348 486
348 487
348 488
348 489
348 490
348 491
348 492
348 493
348 494
348 495
348 496
348 497
348 498
348 499
348 500
348 501
348 502
348 503
348 504
348 505
348 506
348 507
348 508
348 509
348 510
348 511
348 512
348 513
348 514
348 515
348 516
348 517
348 518
348 519
348 520
348 521
348 522
348 523
348 524
348 525
348 526
348 527
348 528
348 529
348 530
348 531
348 532
348 533
348 534
348 535
348 536
348 537
348 538
348 539
348 540
348 541
348 542
348 543
348 544
348 545
348 546
348 547
348 548
348 549
348 550
348 551
348 552
348 553
348 554
348 555
348 556
348 557
348 558
348 559
348 560
348 561
348 562
348 563
348 564
348 565
348 566
348 567
348 568
348 569
348 570
348 571
348 572
348 1025
349 434
349 478
349 508
349 534
350 369
350 384
350 397
350 407
350 419
350 426
350 433
350 455
350 484
350 497
350 504
350 519
350 527
350 528
350 531
350 543
350 546
350 552
350 561
350 563
351 364
351 454
351 564
352 368
352 375
352 394
352 398
352 404
352 408
352 409
352 412
352 431
352 456
352 462
352 479
352 484
352 492
352 493
352 494
352 503
352 517
352 525
352 536
352 538
352 542
353 363
353 366
353 370
353 373
353 376
353 388
353 391
353 394
353 400
353 404
353 408
353 409
353 412
353 417
353 419
353 420
353 428
353 430
353 431
353 432
353 446
353 460
353 462
353 471
353 475
353 482
353 483
353 484
353 487
353 492
353 493
353 496
353 497
353 500
353 503
353 513
353 514
353 515
353 517
353 520
353 524
353 526
353 537
353 538
353 540
353 542
353 544
353 559
353 560
353 561
353 566
353 567
353 580
353 601
353 606
353 637
353 641
353 651
353 930
353 936
353 976
353 1012
353 1075
353 1080
353 1114
353 1122
353 1155
353 1237
353 1313
353 1320
353 1349
353 1358
353 1374
353 1397
353 1425
353 1427
353 1475
353 1487
353 1512
353 1514
353 1529
353 1543
353 1574
353 1606
353 1616
353 1645
353 1673
353 1677
353 1679
353 1692
353 1694
353 1740
353 1744
353 1778
353 1790
353 1844
353 1855
353 1878
353 1881
353 1882
354 355
354 359
354 361
354 376
354 382
354 396
354 397
354 403
354 450
354 452
354 458
354 463
354 470
354 474
354 481
354 489
354 497
354 500
354 507
354 510
354 519
354 531
354 547
354 555
354 557
355 359
355 361
355 367
355 373
355 376
355 382
355 396
355 397
355 402
355 403
355 410
355 412
355 418
355 452
355 455
355 460
355 463
355 470
355 474
355 475
355 481
355 489
355 497
355 500
355 510
355 515
355 519
355 528
355 531
355 543
355 546
355 547
355 548
355 553
355 555
355 557
355 565
356 411
356 472
357 369
357 389
357 397
357 419
357 424
357 457
357 459
357 469
357 477
357 486
357 505
357 509
357 516
357 518
357 551
357 554
357 563
359 361
359 367
359 376
359 391
359 396
359 403
359 405
359 422
359 452
359 455
359 470
359 474
359 475
359 481
359 489
359 491
359 530
359 531
359 546
359 547
359 555
359 557
359 562
360 362
360 365
360 370
360 373
360 376
360 387
360 388
360 395
360 402
360 412
360 415
360 417
360 422
360 428
360 432
360 438
360 442
360 444
360 460
360 461
360 463
360 495
360 497
360 506
360 507
360 510
360 513
360 514
360 520
360 523
360 524
360 542
360 543
360 544
360 548
360 553
360 555
360 558
360 561
360 565
360 567
360 570
361 376
361 396
361 405
361 450
361 463
361 470
361 474
361 475
361 481
361 489
361 500
361 519
361 530
361 531
361 547
361 555
361 557
361 562
361 568
362 371
362 373
362 412
362 413
362 415
362 445
362 460
362 463
362 473
362 482
362 492
362 495
362 535
362 542
362 558
362 560
362 570
363 366
363 367
363 368
363 370
363 373
363 374
363 376
363 378
363 385
363 388
363 402
363 409
363 412
363 414
363 417
363 419
363 432
363 436
363 444
363 455
363 461
363 463
363 475
363 481
363 482
363 483
363 484
363 487
363 492
363 493
363 497
363 500
363 506
363 507
363 514
363 515
363 517
363 521
363 524
363 525
363 526
363 527
363 538
363 542
363 544
363 553
363 559
363 561
363 565
363 566
363 580
363 591
363 606
363 637
363 651
363 656
363 669
363 936
363 976
363 1080
363 1113
363 1122
363 1155
363 1179
363 1237
363 1318
363 1320
363 1332
363 1349
363 1358
363 1374
363 1400
363 1425
363 1427
363 1506
363 1512
363 1514
363 1529
363 1536
363 1545
363 1574
363 1606
363 1616
363 1645
363 1671
363 1673
363 1677
363 1692
363 1740
363 1744
363 1767
363 1790
363 1844
364 393
364 399
364 441
364 476
364 501
364 564
365 408
365 513
365 520
365 556
366 368
366 373
366 374
366 376
366 378
366 391
366 394
366 395
366 400
366 402
366 404
366 408
366 412
366 417
366 428
366 430
366 431
366 434
366 436
366 438
366 446
366 460
366 475
366 482
366 483
366 484
366 492
366 493
366 496
366 497
366 503
366 513
366 514
366 515
366 517
366 520
366 524
366 526
366 538
366 539
366 542
366 544
366 548
366 553
366 555
366 559
366 566
366 580
366 606
366 637
366 651
366 930
366 936
366 976
366 1001
366 1012
366 1080
366 1113
366 1122
366 1142
366 1155
366 1179
366 1237
366 1300
366 1313
366 1320
366 1349
366 1358
366 1374
366 1397
366 1400
366 1408
366 1427
366 1446
366 1490
366 1512
366 1514
366 1549
366 1574
366 1616
366 1631
366 1645
366 1658
366 1673
366 1692
366 1694
366 1740
366 1767
366 1790
366 1801
366 1844
366 1878
366 1882
367 373
367 376
367 378
367 391
367 396
367 403
367 412
367 416
367 422
367 452
367 455
367 474
367 475
367 481
367 483
367 489
367 490
367 491
367 502
367 504
367 519
367 525
367 546
367 547
367 548
367 553
367 555
367 566
368 371
368 374
368 375
368 378
368 395
368 398
368 404
368 408
368 409
368 412
368 416
368 419
368 431
368 456
368 462
368 479
368 493
368 494
368 497
368 500
368 503
368 517
368 521
368 525
368 526
368 527
368 536
368 538
368 553
368 559
369 378
369 380
369 381
369 389
369 397
369 407
369 419
369 424
369 433
369 435
369 442
369 455
369 457
369 469
369 477
369 486
369 509
369 516
369 518
369 551
369 554
369 561
369 563
370 373
370 374
370 376
370 378
370 387
370 388
370 392
370 395
370 397
370 402
370 412
370 413
370 414
370 415
370 416
370 417
370 419
370 420
370 423
370 428
370 430
370 431
370 432
370 436
370 438
370 439
370 451
370 452
370 456
370 458
370 460
370 461
370 465
370 469
370 471
370 475
370 483
370 492
370 497
370 506
370 507
370 514
370 515
370 520
370 523
370 524
370 525
370 527
370 540
370 542
370 544
370 548
370 553
370 555
370 559
370 561
370 563
370 565
370 566
370 567
370 591
370 604
370 645
370 646
370 666
370 669
370 683
371 460
371 542
372 410
372 421
372 422
372 429
372 444
372 455
372 460
372 530
372 531
372 539
372 543
372 545
372 547
372 558
372 568
372 570
373 374
373 376
373 378
373 387
373 388
373 390
373 391
373 392
373 395
373 397
373 400
373 402
373 408
373 412
373 413
373 414
373 417
373 421
373 423
373 425
373 428
373 431
373 434
373 436
373 438
373 439
373 446
373 450
373 456
373 460
373 461
373 463
373 465
373 471
373 473
373 475
373 483
373 491
373 492
373 496
373 497
373 498
373 500
373 502
373 506
373 507
373 513
373 514
373 515
373 517
373 520
373 523
373 524
373 525
373 527
373 528
373 542
373 544
373 545
373 546
373 548
373 553
373 556
373 558
373 559
373 561
373 563
373 565
373 566
373 567
373 580
373 587
373 590
373 591
373 604
373 606
373 614
373 634
373 637
373 641
373 645
373 651
373 669
373 680
373 683
374 376
374 378
374 391
374 402
374 412
374 414
374 417
374 418
374 419
374 420
374 430
374 431
374 432
374 438
374 439
374 444
374 451
374 456
374 460
374 461
374 463
374 465
374 475
374 482
374 483
374 488
374 492
374 496
374 497
374 500
374 504
374 506
374 507
374 510
374 513
374 514
374 515
374 517
374 520
374 521
374 523
374 524
374 525
374 526
374 527
374 535
374 544
374 545
374 553
374 556
374 559
374 561
374 563
374 565
374 566
374 567
374 569
374 570
374 591
374 614
374 669
374 683
375 398
375 404
375 408
375 409
375 431
375 456
375 479
375 484
375 493
375 494
375 503
375 525
375 526
375 538
376 378
376 387
376 388
376 390
376 391
376 394
376 395
376 396
376 397
376 400
376 402
376 405
376 410
376 412
376 413
376 414
376 417
376 419
376 420
376 423
376 426
376 428
376 431
376 432
376 434
376 436
376 438
376 439
376 442
376 444
376 446
376 450
376 452
376 456
376 458
376 460
376 461
376 463
376 465
376 471
376 473
376 475
376 481
376 482
376 483
376 487
376 488
376 489
376 490
376 491
376 492
376 496
376 497
376 500
376 502
376 506
376 507
376 511
376 513
376 514
376 515
376 517
376 519
376 520
376 523
376 524
376 525
376 526
376 527
376 531
376 538
376 542
376 544
376 545
376 546
376 547
376 548
376 553
376 555
376 556
376 557
376 559
376 561
376 563
376 566
376 567
376 570
376 580
376 586
376 587
376 591
376 604
376 606
376 610
376 614
376 634
376 637
376 645
376 646
376 651
376 652
376 669
376 673
376 676
376 683
376 1095
376 1179
376 1300
376 1313
376 1343
376 1357
376 1358
376 1374
376 1487
376 1536
376 1616
376 1767
376 1777
376 1897
377 383
378 391
378 394
378 400
378 412
378 414
378 417
378 423
378 426
378 428
378 431
378 434
378 436
378 452
378 456
378 461
378 465
378 471
378 475
378 482
378 483
378 484
378 487
378 488
378 492
378 495
378 496
378 497
378 500
378 502
378 506
378 513
378 514
378 515
378 517
378 524
378 527
378 542
378 544
378 553
378 559
378 561
378 563
378 566
378 580
378 591
378 604
378 614
378 637
378 641
378 651
378 669
378 676
379 532
380 389
380 424
380 457
380 486
380 505
380 509
380 516
380 518
380 554
381 389
381 419
381 424
381 457
381 469
381 486
381 509
381 516
381 551
381 554
382 403
382 410
382 452
382 470
382 474
382 500
382 531
382 547
382 555
383 387
384 464
384 552
385 423
385 436
385 461
385 483
385 507
385 524
386 401
386 532
387 395
387 400
387 402
387 406
387 408
387 412
387 415
387 417
387 428
387 436
387 438
387 444
387 461
387 465
387 503
387 506
387 507
387 513
387 514
387 517
387 520
387 523
387 524
387 525
387 544
387 556
387 559
387 561
387 567
387 570
388 400
388 404
388 412
388 415
388 421
388 438
388 444
388 445
388 450
388 452
388 463
388 465
388 475
388 483
388 487
388 492
388 493
388 496
388 497
388 500
388 503
388 507
388 513
388 523
388 537
388 544
388 548
388 557
388 559
388 566
388 567
389 397
389 419
389 424
389 435
389 457
389 459
389 469
389 486
389 497
389 505
389 509
389 516
389 518
389 551
389 554
389 949
389 1010
389 1013
389 1037
389 1041
389 1070
389 1109
389 1121
389 1189
389 1259
389 1275
389 1296
389 1348
389 1385
389 1415
389 1428
389 1469
389 1472
389 1473
389 1496
389 1507
389 1545
389 1630
389 1681
389 1699
389 1745
389 1770
390 450
390 475
390 539
391 394
391 400
391 412
391 414
391 417
391 423
391 428
391 431
391 438
391 446
391 456
391 458
391 460
391 465
391 475
391 482
391 483
391 484
391 487
391 488
391 490
391 491
391 492
391 493
391 497
391 500
391 502
391 503
391 506
391 512
391 513
391 514
391 515
391 517
391 524
391 525
391 527
391 539
391 544
391 548
391 553
391 556
391 559
391 561
391 563
391 566
391 567
391 580
391 591
391 614
391 637
391 669
392 394
392 404
392 412
392 423
392 428
392 430
392 431
392 436
392 456
392 460
392 465
392 473
392 475
392 482
392 483
392 487
392 492
392 493
392 497
392 500
392 503
392 506
392 514
392 515
392 525
392 527
392 537
392 538
392 542
392 553
392 556
392 559
392 560
392 561
392 566
392 567
393 399
393 441
393 501
393 564
394 398
394 400
394 408
394 414
394 436
394 438
394 475
394 479
394 488
394 492
394 503
394 511
394 512
394 513
394 515
394 517
394 520
394 538
394 542
394 544
394 556
394 559
394 566
394 601
394 614
394 620
394 676
394 683
395 398
395 400
395 402
395 404
395 408
395 412
395 413
395 414
395 417
395 419
395 421
395 422
395 423
395 425
395 428
395 430
395 431
395 436
395 438
395 451
395 452
395 456
395 460
395 461
395 463
395 465
395 471
395 479
395 483
395 488
395 495
395 497
395 506
395 507
395 511
395 512
395 513
395 514
395 515
395 517
395 520
395 523
395 524
395 525
395 527
395 536
395 537
395 538
395 542
395 544
395 545
395 553
395 556
395 559
395 560
395 561
395 567
395 574
395 591
395 601
395 604
395 614
395 620
395 630
395 637
395 645
395 669
395 678
395 683
396 403
396 410
396 422
396 450
396 470
396 474
396 475
396 481
396 489
396 500
396 510
396 519
396 531
396 546
396 547
396 548
396 555
396 557
396 568
396 570
397 402
397 418
397 419
397 420
397 421
397 422
397 426
397 432
397 439
397 444
397 449
397 457
397 458
397 469
397 477
397 481
397 483
397 485
397 504
397 506
397 507
397 509
397 510
397 513
397 514
397 516
397 518
397 523
397 531
397 541
397 543
397 544
397 546
397 554
397 557
397 563
397 570
398 404
398 408
398 409
398 412
398 430
398 431
398 445
398 456
398 462
398 479
398 484
398 488
398 493
398 494
398 497
398 503
398 511
398 512
398 517
398 525
398 526
398 527
398 536
398 538
398 545
398 559
398 561
399 441
399 476
399 501
399 564
400 404
400 408
400 409
400 412
400 414
400 415
400 417
400 419
400 420
400 421
400 428
400 431
400 432
400 434
400 436
400 438
400 444
400 445
400 456
400 461
400 465
400 475
400 482
400 484
400 487
400 488
400 492
400 493
400 497
400 500
400 503
400 506
400 511
400 512
400 513
400 514
400 515
400 517
400 524
400 525
400 537
400 538
400 539
400 542
400 544
400 553
400 556
400 559
400 561
400 566
400 567
400 580
400 591
400 601
400 606
400 614
400 637
400 641
400 651
400 669
400 676
400 683
402 412
402 413
402 415
402 417
402 421
402 422
402 425
402 428
402 432
402 436
402 438
402 444
402 451
402 458
402 460
402 463
402 465
402 475
402 482
402 493
402 495
402 497
402 500
402 506
402 507
402 508
402 513
402 514
402 515
402 517
402 520
402 523
402 524
402 542
402 543
402 544
402 545
402 553
402 558
402 559
402 561
402 563
402 566
402 567
402 570
403 452
403 458
403 470
403 475
403 489
403 497
403 510
403 515
403 519
403 546
403 547
403 553
403 555
404 408
404 409
404 415
404 419
404 421
404 428
404 431
404 440
404 444
404 445
404 452
404 456
404 462
404 465
404 479
404 482
404 483
404 484
404 487
404 493
404 494
404 496
404 500
404 503
404 506
404 511
404 512
404 515
404 525
404 526
404 536
404 537
404 538
404 542
404 545
404 556
404 559
404 560
404 561
404 566
405 418
405 428
405 478
405 513
405 531
405 563
405 568
406 437
406 532
407 426
407 433
407 455
407 458
407 490
407 504
407 510
407 513
407 528
407 533
407 543
407 563
408 409
408 412
408 417
408 419
408 428
408 430
408 431
408 438
408 439
408 440
408 444
408 445
408 456
408 461
408 465
408 473
408 479
408 483
408 484
408 487
408 488
408 493
408 500
408 503
408 511
408 512
408 513
408 514
408 517
408 520
408 524
408 525
408 526
408 536
408 537
408 538
408 545
408 556
408 559
408 560
408 561
409 412
409 419
409 431
409 456
409 460
409 462
409 479
409 487
409 492
409 493
409 494
409 497
409 500
409 503
409 512
409 515
409 517
409 521
409 525
409 526
409 536
409 538
409 542
409 561
410 463
410 474
410 475
410 500
410 547
410 548
410 555
410 557
410 568
411 498
412 414
412 416
412 417
412 418
412 422
412 423
412 428
412 430
412 431
412 432
