412 434
412 436
412 438
412 442
412 452
412 455
412 456
412 460
412 461
412 473
412 481
412 482
412 483
412 484
412 487
412 488
412 492
412 493
412 494
412 496
412 500
412 503
412 504
412 506
412 507
412 512
412 513
412 515
412 517
412 520
412 523
412 524
412 525
412 526
412 527
412 528
412 529
412 533
412 537
412 538
412 542
412 544
412 547
412 548
412 549
412 555
412 558
412 559
412 560
412 561
412 565
412 566
412 567
412 569
412 580
412 591
412 593
412 604
412 609
412 614
412 645
412 669
412 676
412 683
413 415
413 445
413 448
413 460
413 461
413 463
413 465
413 473
413 535
413 542
414 422
414 423
414 427
414 428
414 431
414 434
414 436
414 438
414 461
414 465
414 475
414 480
414 483
414 492
414 496
414 500
414 506
414 513
414 514
414 515
414 524
414 542
414 544
414 553
414 556
414 558
414 559
414 561
414 563
414 566
414 567
414 573
414 574
414 575
414 576
414 577
414 578
414 579
414 580
414 581
414 582
414 583
414 584
414 585
414 586
414 587
414 588
414 589
414 590
414 591
414 592
414 593
414 594
414 595
414 596
414 597
414 598
414 599
414 600
414 601
414 602
414 603
414 604
414 605
414 606
414 607
414 608
414 609
414 610
414 611
414 612
414 613
414 614
414 615
414 616
414 617
414 618
414 619
414 620
414 621
414 622
414 623
414 624
414 625
414 626
414 627
414 628
414 629
414 630
414 631
414 632
414 633
414 634
414 635
414 636
414 637
414 638
414 639
414 640
414 641
414 642
414 643
414 644
414 645
414 646
414 647
414 648
414 649
414 650
414 651
414 652
414 653
414 654
414 655
414 656
414 657
414 658
414 659
414 660
414 661
414 662
414 663
414 664
414 665
414 666
414 667
414 668
414 669
414 670
414 671
414 672
414 673
414 674
414 675
414 676
414 677
414 678
414 679
414 680
414 681
414 682
414 683
414 684
414 685
415 421
415 428
415 444
415 445
415 460
415 463
415 465
415 473
415 495
415 520
415 535
415 542
415 545
415 556
415 558
415 563
416 417
416 419
416 430
416 432
416 465
416 483
416 493
416 494
416 497
416 500
416 503
416 537
416 557
416 563
416 567
416 569
417 421
417 428
417 431
417 438
417 444
417 445
417 456
417 460
417 461
417 465
417 475
417 479
417 483
417 492
417 493
417 495
417 497
417 500
417 503
417 506
417 507
417 508
417 511
417 513
417 514
417 515
417 517
417 520
417 523
417 524
417 527
417 537
417 538
417 542
417 544
417 545
417 553
417 556
417 559
417 560
417 561
417 566
417 567
417 570
418 432
418 463
418 465
418 475
418 481
418 497
418 504
418 506
418 510
418 514
418 523
418 544
418 547
418 553
418 555
418 557
418 568
419 422
419 423
419 424
419 428
419 430
419 431
419 440
419 452
419 456
419 469
419 471
419 475
419 483
419 484
419 486
419 487
419 488
419 492
419 493
419 503
419 505
419 513
419 516
419 517
419 518
419 525
419 526
419 527
419 536
419 537
419 538
419 540
419 544
419 551
419 559
419 561
419 565
419 567
420 430
420 432
420 439
420 451
420 465
420 471
420 483
420 484
420 506
420 507
420 513
420 514
420 524
420 537
420 553
420 556
420 563
420 566
420 567
420 569
420 596
420 936
420 1237
420 1311
420 1673
420 1692
421 444
421 445
421 455
421 457
421 465
421 487
421 493
421 500
421 504
421 543
421 545
421 558
421 563
421 570
422 432
422 438
422 444
422 449
422 455
422 460
422 474
422 481
422 483
422 489
422 497
422 504
422 520
422 523
422 545
422 546
422 547
422 553
422 555
422 561
422 570
422 579
422 584
422 592
422 593
422 596
422 597
422 601
422 604
422 609
422 614
422 617
422 618
422 619
422 620
422 630
422 631
422 636
422 644
422 653
422 654
422 655
422 657
422 663
422 678
422 680
422 682
422 685
423 425
423 428
423 430
423 431
423 436
423 444
423 456
423 461
423 465
423 473
423 475
423 484
423 492
423 497
423 500
423 503
423 506
423 513
423 517
423 523
423 524
423 525
423 527
423 537
423 538
423 553
423 556
423 558
423 559
423 560
423 561
423 567
423 586
423 587
423 591
423 604
423 606
423 614
423 634
423 637
423 645
423 646
423 651
423 669
423 683
424 435
424 457
424 469
424 486
424 505
424 509
424 516
424 518
424 551
424 554
425 427
425 428
425 434
425 439
425 456
425 460
425 477
425 479
425 520
425 523
425 534
425 553
425 563
425 570
426 431
426 455
426 471
426 504
426 510
426 513
426 524
426 525
426 531
426 544
426 546
426 563
427 428
427 464
427 496
427 549
427 563
428 430
428 431
428 432
428 434
428 436
428 438
428 444
428 451
428 452
428 456
428 460
428 461
428 463
428 465
428 473
428 475
428 479
428 482
428 484
428 492
428 497
428 500
428 506
428 507
428 508
428 511
428 512
428 513
428 514
428 515
428 517
428 520
428 523
428 524
428 525
428 526
428 542
428 544
428 545
428 549
428 553
428 558
428 559
428 561
428 563
428 567
428 570
428 591
428 594
428 601
428 604
428 606
428 609
428 614
428 641
428 651
428 667
428 669
428 676
428 683
428 915
428 930
428 962
428 1013
428 1109
428 1114
428 1179
428 1210
428 1226
428 1237
428 1300
428 1313
428 1320
428 1358
428 1374
428 1408
428 1425
428 1446
428 1512
428 1536
428 1545
428 1549
428 1574
428 1692
428 1740
428 1777
428 1778
428 1912
429 455
429 466
429 481
429 504
429 522
429 529
429 531
429 539
430 432
430 439
430 451
430 456
430 465
430 469
430 471
430 483
430 484
430 493
430 497
430 503
430 514
430 525
430 526
430 537
430 541
430 553
430 559
430 561
430 563
430 566
430 569
431 432
431 434
431 436
431 438
431 440
431 456
431 462
431 465
431 471
431 472
431 475
431 479
431 482
431 483
431 484
431 487
431 492
431 493
431 497
431 500
431 503
431 506
431 507
431 511
431 512
431 513
431 514
431 515
431 517
431 525
431 527
431 536
431 537
431 538
431 545
431 556
431 559
431 561
431 563
431 566
431 606
431 614
431 651
431 669
431 683
432 438
432 439
432 444
432 451
432 452
432 455
432 456
432 460
432 465
432 471
432 475
432 482
432 483
432 497
432 504
432 506
432 507
432 510
432 513
432 514
432 521
432 525
432 527
432 541
432 544
432 545
432 546
432 553
432 555
432 557
432 559
432 561
432 563
432 566
432 569
432 570
432 571
433 455
433 504
433 510
433 528
433 533
433 563
434 436
434 456
434 458
434 475
434 478
434 488
434 490
434 492
434 496
434 497
434 506
434 515
434 517
434 523
434 534
434 559
434 563
434 566
434 580
434 591
434 604
435 459
435 497
435 518
435 551
435 555
435 563
436 438
436 461
436 465
436 475
436 478
436 483
436 484
436 488
436 492
436 496
436 497
436 506
436 507
436 511
436 513
436 517
436 523
436 524
436 525
436 527
436 542
436 553
436 556
436 559
436 561
436 563
436 566
436 580
436 591
436 604
436 606
436 634
436 635
436 637
436 646
436 651
436 652
436 669
436 673
436 683
437 453
437 462
437 463
437 467
437 498
437 499
437 532
437 572
438 444
438 446
438 452
438 456
438 460
438 461
438 465
438 473
438 475
438 483
438 488
438 492
438 493
438 495
438 496
438 497
438 500
438 503
438 506
438 507
438 511
438 513
438 514
438 517
438 520
438 521
438 523
438 524
438 525
438 546
438 548
438 553
438 556
438 559
438 561
438 563
438 566
438 591
438 596
438 604
438 606
438 614
438 634
438 645
438 651
438 669
438 676
438 683
439 442
439 444
439 445
439 451
439 456
439 458
439 461
439 465
439 471
439 473
439 475
439 477
439 487
439 500
439 506
439 507
439 513
439 514
439 517
439 520
439 523
439 525
439 527
439 538
439 542
439 544
439 553
439 561
439 563
439 566
439 567
439 570
440 449
440 456
440 479
440 484
440 493
440 496
440 508
440 525
440 538
441 476
441 501
441 564
442 460
442 475
442 523
442 531
442 544
442 563
443 453
444 445
444 449
444 460
444 473
444 475
444 483
444 487
444 488
444 495
444 500
444 503
444 504
444 506
444 507
444 513
444 517
444 520
444 523
444 531
444 538
444 544
444 545
444 556
444 559
444 570
445 460
445 463
445 465
445 473
445 487
445 492
445 493
445 495
445 500
445 520
445 535
445 542
445 556
445 560
446 475
446 482
446 483
446 487
446 490
446 491
446 492
446 515
446 517
446 539
446 548
448 460
449 480
449 504
449 507
449 543
449 563
450 452
450 463
450 474
450 475
450 481
450 489
450 497
450 500
450 519
450 531
450 539
450 547
450 548
450 557
451 465
451 471
451 493
451 503
451 506
451 507
451 513
451 514
451 544
451 553
451 556
451 561
451 563
451 567
451 569
452 460
452 463
452 465
452 470
452 475
452 489
452 497
452 500
452 506
452 507
452 510
452 513
452 519
452 521
452 531
452 544
452 546
452 547
452 553
452 555
452 557
452 559
452 566
453 468
453 498
454 564
455 466
455 497
455 500
455 504
455 506
455 510
455 522
455 528
455 529
455 531
455 539
455 541
455 543
455 546
455 553
455 557
455 561
455 563
455 565
455 568
455 569
456 460
456 462
456 465
456 473
456 479
456 484
456 493
456 494
456 495
456 496
456 497
456 503
456 506
456 511
456 512
456 513
456 517
456 520
456 523
456 524
456 525
456 527
456 537
456 538
456 545
456 553
456 559
456 561
456 563
456 566
456 567
457 459
457 469
457 477
457 486
457 505
457 509
457 516
457 518
457 551
457 554
457 563
458 469
458 470
458 475
458 482
458 489
458 490
458 496
458 497
458 507
458 510
458 514
458 515
458 545
458 553
458 555
459 486
459 516
459 518
459 551
459 563
460 461
460 463
460 465
460 473
460 475
460 479
460 482
460 492
460 495
460 497
460 506
460 507
460 508
460 514
460 515
460 517
460 520
460 521
460 523
460 524
460 535
460 542
460 543
460 544
460 545
460 547
460 553
460 558
460 559
460 560
460 563
460 566
460 567
460 570
461 463
461 465
461 471
461 475
461 483
461 492
461 497
461 506
461 507
461 513
461 517
461 520
461 523
461 524
461 525
461 527
461 542
461 544
461 548
461 553
461 559
461 561
461 567
461 590
461 591
461 606
461 645
461 653
461 669
461 683
462 487
462 493
462 494
462 512
462 517
462 525
462 532
462 536
462 538
463 473
463 475
463 481
463 483
463 489
463 500
463 504
463 507
463 517
463 519
463 524
463 531
463 535
463 542
463 547
463 555
463 557
463 560
463 570
464 552
465 471
465 473
465 475
465 483
465 484
465 487
465 493
465 495
465 500
465 503
465 506
465 507
465 511
465 513
465 515
465 517
465 524
465 525
465 526
465 535
465 537
465 538
465 542
465 544
465 556
465 557
465 558
465 559
465 561
465 566
465 567
465 569
465 570
465 580
465 591
465 601
465 604
465 614
465 669
465 676
465 683
466 481
466 504
466 522
466 529
466 531
466 539
467 532
467 572
469 486
469 497
469 505
469 516
469 518
469 540
469 551
469 553
469 554
469 563
470 507
470 519
470 531
470 547
470 555
470 562
471 475
471 507
471 513
471 514
471 515
471 524
471 537
471 553
471 559
471 561
471 563
471 566
471 567
471 569
472 533
472 567
473 479
473 483
473 495
473 503
473 515
473 525
473 527
473 535
473 539
473 542
473 556
473 560
473 561
474 475
474 481
474 489
474 500
474 531
474 546
474 547
474 548
474 557
475 481
475 482
475 483
475 484
475 487
475 488
475 489
475 490
475 491
475 492
475 496
475 497
475 500
475 502
475 506
475 507
475 513
475 514
475 515
475 517
475 519
475 521
475 523
475 524
475 525
475 527
475 531
475 542
475 544
475 545
475 546
475 547
475 548
475 553
475 555
475 556
475 557
475 559
475 561
475 563
475 565
475 566
475 567
475 580
475 591
475 604
475 606
475 641
475 651
475 676
475 930
475 1122
475 1155
475 1179
475 1237
475 1300
475 1313
475 1320
475 1332
475 1358
475 1374
475 1425
475 1427
475 1435
475 1514
475 1536
475 1545
475 1549
475 1645
475 1673
475 1692
475 1767
475 1844
475 1882
476 501
477 485
477 516
477 518
477 554
477 563
478 496
478 508
478 534
479 483
479 484
479 492
479 493
479 503
479 511
479 512
479 513
479 515
479 517
479 520
479 525
479 527
479 536
479 538
479 542
479 545
479 559
479 561
480 540
480 543
480 563
480 593
481 489
481 504
481 519
481 522
481 531
481 539
481 547
481 555
482 483
482 484
482 496
482 497
482 506
482 507
482 515
482 517
482 525
482 548
482 553
482 556
482 565
483 484
483 487
483 492
483 493
483 494
483 496
483 497
483 500
483 503
483 506
483 507
483 513
483 514
483 515
483 517
483 520
483 524
483 525
483 526
483 527
483 535
483 537
483 538
483 542
483 544
483 553
483 557
483 559
483 560
483 561
483 563
483 566
483 567
483 580
483 591
483 596
483 601
483 604
483 606
483 614
483 637
483 639
483 641
483 651
483 669
483 671
483 896
483 917
483 919
483 930
483 933
483 936
483 942
483 948
483 954
483 962
483 976
483 984
483 1001
483 1012
483 1014
483 1018
483 1020
483 1025
483 1032
483 1066
483 1080
483 1086
483 1095
483 1099
483 1102
483 1104
483 1108
483 1113
483 1114
483 1122
483 1142
483 1148
483 1155
483 1158
483 1166
483 1179
483 1192
483 1204
483 1210
483 1237
483 1245
483 1261
483 1273
483 1277
483 1281
483 1282
483 1284
483 1294
483 1300
483 1303
483 1309
483 1313
483 1318
483 1320
483 1324
483 1332
483 1349
483 1357
483 1358
483 1373
483 1374
483 1382
483 1392
483 1396
483 1397
483 1400
483 1406
483 1408
483 1425
483 1427
483 1429
483 1446
483 1454
483 1455
483 1464
483 1473
483 1475
483 1487
483 1490
483 1492
483 1495
483 1508
483 1512
483 1514
483 1515
483 1536
483 1543
483 1545
483 1565
483 1574
483 1582
483 1595
483 1606
483 1611
483 1616
483 1625
483 1631
483 1638
483 1645
483 1654
483 1660
483 1661
483 1673
483 1677
483 1679
483 1680
483 1682
483 1692
483 1694
483 1695
483 1706
483 1720
483 1729
483 1732
483 1740
483 1742
483 1744
483 1751
483 1763
483 1766
483 1767
483 1773
483 1778
483 1783
483 1786
483 1790
483 1794
483 1801
483 1812
483 1820
483 1824
483 1828
483 1844
483 1848
483 1850
483 1870
483 1871
483 1875
483 1878
483 1881
483 1882
483 1893
483 1894
483 1899
483 1907
484 493
484 494
484 497
484 500
484 503
484 506
484 511
484 513
484 514
484 515
484 517
484 520
484 525
484 526
484 527
484 536
484 537
484 538
484 544
484 559
484 560
484 566
484 567
484 580
484 606
484 637
484 651
484 913
484 936
484 953
484 968
484 1001
484 1029
484 1080
484 1095
484 1114
484 1122
484 1155
484 1160
484 1173
484 1179
484 1217
484 1223
484 1237
484 1238
484 1300
484 1313
484 1320
484 1349
484 1357
484 1358
484 1374
484 1397
484 1408
484 1422
484 1487
484 1506
484 1512
484 1514
484 1536
484 1543
484 1545
484 1574
484 1598
484 1604
484 1616
484 1620
484 1645
484 1673
484 1677
484 1692
484 1694
484 1740
484 1778
484 1813
484 1882
484 1885
484 1897
485 518
485 563
486 505
486 509
486 516
486 551
486 554
487 492
487 493
487 500
487 503
487 513
487 525
487 538
487 556
487 559
488 496
488 497
488 511
488 512
488 513
488 517
488 524
488 527
488 553
488 556
488 559
489 519
489 531
489 535
489 546
489 547
489 555
489 557
490 491
490 502
490 523
490 548
491 502
491 548
492 495
492 497
492 500
492 503
492 506
492 513
492 514
492 515
492 517
492 524
492 537
492 538
492 542
492 544
492 553
492 559
492 560
492 561
492 566
492 567
492 580
492 591
492 604
492 606
492 614
492 637
492 641
492 651
492 669
492 676
493 494
493 497
493 500
493 503
493 507
493 511
493 512
493 514
493 517
493 525
493 526
493 536
493 537
493 538
493 539
493 545
493 556
493 557
493 559
493 560
493 561
493 566
494 497
494 503
494 517
494 526
494 536
494 537
494 538
494 559
494 561
495 507
495 514
495 520
495 542
495 544
495 558
495 570
496 497
496 506
496 507
496 508
496 513
496 514
496 515
496 517
496 523
496 553
496 565
496 566
496 580
496 591
496 637
496 641
496 669
497 500
497 503
497 506
497 507
497 510
497 513
497 515
497 517
497 520
497 523
497 524
497 525
497 526
497 527
497 537
497 538
497 542
497 544
497 545
497 546
497 555
497 557
497 559
497 560
497 561
497 565
497 566
497 567
497 570
498 532
499 532
500 503
500 506
500 507
500 513
500 514
500 517
500 519
500 520
500 521
500 524
500 525
500 527
500 531
500 537
500 538
500 542
500 546
500 547
500 548
500 553
500 555
500 556
500 557
500 560
500 563
500 565
500 566
500 580
500 591
500 601
500 604
500 614
500 637
500 645
500 651
500 683
501 564
502 539
502 548
503 511
503 513
503 514
503 517
503 524
503 525
503 526
503 527
503 537
503 538
503 539
503 542
503 553
503 556
503 557
503 559
503 560
503 561
503 566
503 567
504 506
504 507
504 510
504 513
504 514
504 521
504 522
504 528
504 529
504 531
504 539
504 541
504 543
504 544
504 546
504 547
504 548
504 553
504 555
504 562
504 563
504 570
504 571
505 509
505 516
505 551
505 554
506 507
506 508
506 513
506 514
506 517
506 519
506 520
506 521
506 523
506 524
506 525
506 527
506 537
506 544
506 545
506 553
506 557
506 559
506 561
506 563
506 566
506 591
506 604
506 606
506 610
506 645
507 510
507 513
507 514
507 515
507 517
507 520
507 523
507 524
507 525
507 526
507 544
507 545
507 553
507 556
507 557
507 559
507 561
507 563
507 565
507 566
507 570
508 520
508 534
508 541
508 542
508 544
508 563
509 516
509 518
509 551
509 554
510 513
510 521
510 528
510 533
510 553
510 555
510 563
511 512
511 517
511 525
511 536
511 538
511 545
511 556
511 559
511 561
511 566
512 513
512 515
512 517
512 525
512 526
512 536
512 538
512 545
512 556
512 560
512 561
513 514
513 515
513 517
513 520
513 523
513 524
513 525
513 527
513 537
513 542
513 544
513 553
513 557
513 559
513 561
513 563
513 566
513 567
513 580
513 591
513 601
513 604
513 606
513 610
513 614
513 634
513 637
513 641
513 645
513 646
513 651
513 669
513 683
514 517
514 520
514 524
514 525
514 527
514 537
514 538
514 541
514 544
514 548
514 559
514 561
514 566
514 569
514 570
514 580
514 614
514 669
514 683
515 517
515 519
515 524
515 525
515 527
515 545
515 548
515 553
515 555
515 557
515 559
515 566
515 580
515 591
515 614
515 620
515 637
515 641
515 654
516 518
516 551
516 554
516 563
517 520
517 524
517 525
517 526
517 527
517 536
517 537
517 538
517 544
517 545
517 553
517 556
517 559
517 561
517 566
517 580
517 601
517 606
517 637
517 651
517 905
517 936
517 976
517 1025
517 1095
517 1114
517 1179
517 1237
517 1268
517 1313
517 1320
517 1358
517 1374
517 1446
517 1487
517 1512
517 1514
517 1543
517 1574
517 1616
517 1645
517 1677
517 1692
517 1694
517 1778
517 1870
518 551
518 554
518 563
519 531
519 546
519 547
519 548
519 555
519 557
520 523
520 524
520 527
520 542
520 544
520 545
520 553
520 561
520 563
520 567
520 570
521 544
522 529
522 531
522 539
522 546
522 568
523 524
523 534
523 544
523 545
523 553
523 561
523 563
523 570
524 525
524 527
524 542
524 544
524 553
524 559
524 561
524 565
524 566
524 567
524 590
524 591
524 606
524 614
524 637
524 651
524 683
525 526
525 527
525 536
525 537
525 538
525 542
525 544
525 545
525 548
525 559
525 561
525 563
525 566
525 567
526 538
526 553
526 559
526 561
526 566
526 606
526 637
526 651
526 906
526 968
526 993
526 1012
526 1049
526 1054
526 1074
526 1075
526 1078
526 1110
526 1114
526 1128
526 1179
526 1191
526 1209
526 1217
526 1226
526 1237
526 1242
526 1250
526 1265
526 1278
526 1290
526 1320
526 1329
526 1334
526 1344
526 1357
526 1358
526 1367
526 1377
526 1393
526 1407
526 1416
526 1435
526 1444
526 1487
526 1519
526 1528
526 1540
526 1557
526 1574
526 1584
526 1600
526 1609
526 1616
526 1620
526 1630
526 1644
526 1688
526 1710
526 1724
526 1730
526 1740
526 1754
526 1768
526 1778
526 1791
526 1800
526 1861
526 1864
526 1882
527 538
527 542
527 553
527 559
527 561
527 567
528 543
528 553
528 563
529 531
529 539
531 539
531 543
531 546
531 547
531 555
531 557
531 563
531 568
531 570
532 572
534 563
536 538
536 545
536 561
537 538
537 545
537 559
537 560
537 561
537 566
537 567
537 569
538 542
538 545
538 559
538 560
538 561
538 566
538 580
538 606
538 637
538 651
538 948
538 1025
538 1080
538 1114
538 1122
538 1179
538 1223
538 1226
538 1237
538 1313
538 1320
538 1349
538 1358
538 1374
538 1400
538 1408
538 1487
538 1543
538 1545
538 1565
538 1574
538 1677
538 1679
538 1692
538 1695
538 1763
538 1767
538 1778
538 1870
538 1878
539 560
539 568
540 559
540 560
541 563
541 568
542 553
542 556
542 559
542 560
542 561
542 567
542 580
542 591
542 606
542 683
543 545
543 546
543 558
543 563
543 570
544 545
544 553
544 556
544 557
544 559
544 561
544 563
544 566
544 570
544 580
544 604
544 645
544 669
544 676
544 683
545 553
545 558
545 559
545 561
545 563
545 566
545 570
546 547
546 555
546 557
546 563
547 548
547 555
547 557
548 555
548 556
549 563
551 554
553 555
553 556
553 558
553 559
553 560
553 561
553 565
553 566
553 567
553 569
553 570
553 591
553 609
553 614
553 620
553 634
553 644
553 645
553 666
553 669
553 683
554 563
555 557
556 559
556 563
556 614
556 652
556 673
556 676
556 683
557 570
558 570
558 604
559 561
559 566
559 567
559 580
559 591
559 604
559 606
559 614
559 637
559 651
559 669
559 676
559 683
560 561
560 565
561 565
561 566
561 567
561 580
561 591
561 604
561 606
561 651
561 669
561 683
563 566
563 567
563 569
563 594
563 604
563 634
563 645
563 1013
563 1070
563 1136
563 1217
563 1338
563 1574
563 1687
563 1688
563 1745
563 1777
563 1808
563 1912
563 1967
566 567
566 580
566 591
566 593
566 637
566 651
566 676
566 936
566 968
566 1128
566 1155
566 1237
566 1313
566 1320
566 1358
566 1435
566 1512
566 1536
566 1574
566 1630
566 1673
566 1692
566 1740
566 1844
567 580
567 590
567 591
567 604
567 610
567 645
567 646
567 651
567 683
567 3437
567 3454
567 3487
567 3723
567 3861
567 3961
573 575
573 579
573 588
573 589
573 592
573 597
573 598
573 603
573 605
573 609
573 611
573 617
573 618
573 619
573 622
573 623
573 625
573 626
573 630
573 633
573 636
573 644
573 653
573 654
573 664
573 666
573 672
573 677
573 680
573 684
573 685
574 579
574 584
574 596
574 616
574 621
574 630
574 631
574 663
574 678
575 579
575 589
575 592
575 612
575 617
575 630
575 654
575 664
575 680
575 685
576 578
576 583
576 600
576 615
576 627
576 640
576 643
576 650
576 658
576 659
576 661
576 675
576 681
577 578
577 582
577 583
577 595
577 599
577 600
577 615
577 627
577 632
577 635
577 640
577 643
577 647
577 650
577 658
577 659
577 661
577 662
577 670
577 675
577 681
578 582
578 583
578 595
578 599
578 600
578 615
578 627
578 632
578 635
578 640
578 643
578 647
578 650
578 658
578 659
578 661
578 662
578 665
578 670
578 675
578 681
579 588
579 589
579 590
579 592
579 597
579 598
579 603
579 605
579 609
579 611
579 612
579 616
579 617
579 619
579 620
579 621
579 622
579 623
579 625
579 626
579 630
579 633
579 636
579 639
579 644
579 653
579 654
579 663
579 664
579 666
579 677
579 680
579 684
579 685
580 591
580 601
580 606
580 637
580 641
580 656
580 930
580 931
580 936
580 976
580 1025
580 1080
580 1095
580 1113
580 1122
580 1142
580 1155
580 1179
580 1210
580 1237
580 1294
580 1300
580 1313
580 1318
580 1320
580 1332
580 1349
580 1358
580 1374
580 1427
580 1446
580 1514
580 1543
580 1565
580 1574
580 1606
580 1616
580 1645
580 1673
580 1677
580 1679
580 1692
580 1694
580 1740
580 1743
580 1744
580 1790
580 1844
580 1853
580 1870
580 1878
580 1881
580 1882
581 642
582 583
582 595
582 599
582 600
582 615
582 627
582 632
582 635
582 640
582 643
582 650
582 658
582 659
582 661
582 662
582 670
582 675
582 681
583 595
583 599
583 600
583 615
583 627
583 628
583 632
583 635
583 640
583 643
583 647
583 650
583 658
583 659
583 661
583 662
583 665
583 670
583 675
583 681
584 592
584 596
584 616
584 618
584 630
584 631
584 637
584 639
584 660
584 678
584 679
584 682
586 587
586 634
586 645
586 646
587 591
587 634
587 645
587 646
587 651
588 592
588 617
588 618
588 619
588 633
588 644
588 653
588 654
588 678
588 682
588 685
589 592
589 596
589 597
589 603
589 605
589 609
589 611
589 617
589 620
589 622
589 623
589 625
589 636
589 654
589 664
589 677
589 684
590 591
590 609
590 612
590 617
590 623
590 633
590 644
590 680
591 604
591 606
591 634
591 637
591 641
591 645
591 646
591 651
591 669
591 683
592 597
592 598
592 603
592 605
592 609
592 611
592 612
592 616
592 617
592 618
592 619
592 620
592 621
592 622
592 623
592 625
592 626
592 630
592 633
592 636
592 644
592 653
592 654
592 655
592 664
592 666
592 672
592 677
592 678
592 680
592 682
592 684
592 685
594 667
594 3980
594 3989
594 4011
594 4031
595 600
595 615
595 627
595 635
595 640
595 643
595 650
595 658
595 659
595 661
595 662
595 670
595 675
595 681
596 604
596 609
596 616
596 618
596 620
596 630
596 639
596 653
596 655
596 663
596 677
596 678
596 917
596 1019
596 1022
596 1032
596 1086
596 1103
596 1129
596 1148
596 1215
596 1229
596 1233
596 1235
596 1311
596 1322
596 1345
596 1412
596 1515
596 1576
596 1650
596 1680
596 1688
596 1720
596 1828
596 1859
596 1872
597 603
597 609
597 611
597 618
597 619
597 623
597 625
597 630
597 633
597 636
597 644
597 653
597 654
597 677
597 680
597 684
598 605
598 609
598 618
598 619
598 625
598 630
598 636
598 653
598 654
598 677
598 680
598 684
599 600
599 615
599 627
599 628
599 632
599 635
599 640
599 643
599 647
599 650
599 658
599 659
599 661
599 662
599 665
599 670
599 675
599 681
600 615
600 627
600 628
600 632
600 635
600 640
600 643
600 650
600 658
600 659
600 661
600 662
600 665
600 670
600 675
600 681
601 609
601 629
601 630
601 637
601 644
601 976
601 1122
601 1349
601 1512
601 1645
601 1679
603 605
603 609
603 611
603 612
603 619
603 623
603 625
603 644
603 654
603 677
603 680
603 684
604 606
604 637
604 645
604 651
604 669
604 671
604 676
605 609
605 617
605 619
605 626
