605 630
605 644
605 653
605 654
605 677
605 678
605 680
606 614
606 641
606 645
606 669
606 905
606 915
606 917
606 936
606 963
606 968
606 1001
606 1012
606 1052
606 1070
606 1086
606 1110
606 1113
606 1122
606 1179
606 1183
606 1210
606 1300
606 1313
606 1314
606 1318
606 1320
606 1334
606 1349
606 1357
606 1358
606 1371
606 1374
606 1436
606 1444
606 1487
606 1490
606 1512
606 1514
606 1536
606 1548
606 1565
606 1574
606 1606
606 1616
606 1620
606 1645
606 1671
606 1673
606 1674
606 1677
606 1692
606 1699
606 1727
606 1738
606 1744
606 1766
606 1767
606 1778
606 1876
606 1882
606 1897
609 612
609 617
609 619
609 620
609 623
609 626
609 630
609 636
609 644
609 653
609 654
609 664
609 666
609 680
611 618
611 625
611 636
611 653
611 654
611 664
611 677
611 680
611 684
612 617
612 619
612 630
612 636
612 654
612 664
612 678
612 680
614 637
614 645
614 669
614 676
614 683
615 627
615 628
615 632
615 635
615 640
615 643
615 647
615 658
615 659
615 661
615 662
615 665
615 670
615 675
615 681
616 618
616 621
616 622
616 623
616 625
616 630
616 631
616 639
616 657
616 660
616 663
616 678
616 684
617 619
617 620
617 625
617 626
617 630
617 644
617 648
617 654
617 664
617 666
617 677
617 680
617 685
618 619
618 630
618 631
618 633
618 636
618 653
618 666
618 678
618 679
618 680
618 682
618 684
618 685
619 623
619 625
619 630
619 633
619 636
619 644
619 653
619 654
619 677
619 678
619 684
619 685
620 630
620 636
620 644
620 653
620 654
620 666
620 672
620 678
621 622
621 663
622 623
622 625
622 639
622 663
622 678
622 684
623 625
623 636
623 654
623 677
623 684
625 630
625 633
625 644
625 653
625 654
625 677
625 684
626 630
626 644
626 654
626 657
626 664
626 677
626 680
627 632
627 635
627 640
627 643
627 647
627 650
627 658
627 659
627 661
627 662
627 665
627 670
627 675
627 681
628 632
628 643
628 647
628 661
628 662
628 665
628 681
629 630
629 637
629 641
629 1223
629 1400
629 1679
629 1850
629 1893
630 631
630 636
630 641
630 644
630 653
630 655
630 657
630 663
630 664
630 666
630 672
630 678
630 682
630 684
630 685
631 639
631 678
631 679
631 682
632 635
632 640
632 643
632 647
632 650
632 658
632 659
632 661
632 662
632 665
632 670
632 675
633 636
633 644
633 653
633 666
633 680
634 645
634 646
634 647
634 651
635 640
635 643
635 650
635 658
635 659
635 661
635 662
635 670
635 675
635 681
636 644
636 653
636 666
636 677
636 678
636 680
636 684
636 685
637 639
637 641
637 645
637 669
637 678
637 679
637 896
637 936
637 957
637 968
637 1001
637 1012
637 1018
637 1025
637 1060
637 1067
637 1080
637 1086
637 1104
637 1113
637 1128
637 1142
637 1143
637 1148
637 1155
637 1179
637 1189
637 1192
637 1204
637 1277
637 1300
637 1313
637 1318
637 1320
637 1324
637 1332
637 1358
637 1374
637 1423
637 1427
637 1429
637 1436
637 1448
637 1464
637 1473
637 1475
637 1479
637 1487
637 1512
637 1526
637 1536
637 1543
637 1545
637 1573
637 1574
637 1578
637 1584
637 1595
637 1606
637 1616
637 1628
637 1645
637 1647
637 1671
637 1673
637 1677
637 1679
637 1692
637 1694
637 1716
637 1720
637 1744
637 1766
637 1778
637 1790
637 1808
637 1830
637 1853
637 1871
637 1882
637 1897
637 1901
639 678
639 682
640 643
640 647
640 650
640 658
640 659
640 661
640 662
640 670
640 675
640 681
641 651
641 915
641 930
641 962
641 1060
641 1070
641 1086
641 1113
641 1114
641 1122
641 1179
641 1210
641 1231
641 1235
641 1237
641 1273
641 1300
641 1313
641 1318
641 1320
641 1332
641 1358
641 1374
641 1400
641 1425
641 1436
641 1446
641 1448
641 1459
641 1475
641 1549
641 1565
641 1573
641 1574
641 1606
641 1616
641 1625
641 1671
641 1744
641 1763
641 1766
641 1767
641 1778
641 1830
641 1844
641 1881
641 1882
643 650
643 658
643 659
643 661
643 662
643 665
643 670
643 675
643 681
644 654
644 664
644 666
644 680
645 646
645 651
645 669
645 671
645 683
646 651
647 650
647 658
647 659
647 662
647 665
647 670
647 675
647 681
649 1023
649 1694
650 658
650 659
650 661
650 662
650 665
650 670
650 681
651 683
651 905
651 936
651 1001
651 1011
651 1012
651 1080
651 1113
651 1122
651 1169
651 1179
651 1223
651 1318
651 1320
651 1357
651 1358
651 1374
651 1408
651 1428
651 1473
651 1487
651 1512
651 1526
651 1536
651 1545
651 1565
651 1574
651 1606
651 1645
651 1673
651 1679
651 1692
651 1709
651 1744
651 1763
651 1767
651 1778
651 1882
653 654
653 664
653 666
653 672
653 677
653 678
653 680
653 685
654 664
654 666
654 672
654 677
654 678
654 680
654 683
654 684
654 685
655 657
657 682
658 659
658 661
658 662
658 665
658 670
658 675
658 681
659 661
659 662
659 665
659 670
659 675
659 681
661 662
661 665
661 670
661 675
661 681
662 665
662 670
662 675
662 681
664 666
664 685
665 670
665 675
666 680
669 671
670 675
670 681
672 678
675 681
676 683
677 680
677 682
677 684
678 679
678 682
678 685
679 682
680 684
680 685
686 687
686 688
686 689
686 690
686 691
686 692
686 693
686 694
686 695
686 696
686 697
686 698
686 699
686 700
686 701
686 702
686 703
686 704
686 705
686 706
686 707
686 708
686 709
686 710
686 711
686 712
686 713
686 714
686 715
686 716
686 717
686 718
686 719
686 720
686 721
686 722
686 723
686 724
686 725
686 726
686 727
686 728
686 729
686 730
686 731
686 732
686 733
686 734
686 735
686 736
686 737
686 738
686 739
686 740
686 741
686 742
686 743
686 744
686 745
686 746
686 747
686 748
686 749
686 750
686 751
686 752
686 753
686 754
686 755
686 756
686 757
686 758
686 759
686 760
686 761
686 762
686 763
686 764
686 765
686 766
686 767
686 768
686 769
686 770
686 771
686 772
686 773
686 774
686 775
686 776
686 777
686 778
686 779
686 780
686 781
686 782
686 783
686 784
686 785
686 786
686 787
686 788
686 789
686 790
686 791
686 792
686 793
686 794
686 795
686 796
686 797
686 798
686 799
686 800
686 801
686 802
686 803
686 804
686 805
686 806
686 807
686 808
686 809
686 810
686 811
686 812
686 813
686 814
686 815
686 816
686 817
686 818
686 819
686 820
686 821
686 822
686 823
686 824
686 825
686 826
686 827
686 828
686 829
686 830
686 831
686 832
686 833
686 834
686 835
686 836
686 837
686 838
686 839
686 840
686 841
686 842
686 843
686 844
686 845
686 846
686 847
686 848
686 849
686 850
686 851
686 852
686 853
686 854
686 855
686 856
687 688
687 697
687 703
687 718
687 728
687 730
687 739
687 747
687 759
687 764
687 765
687 774
687 777
687 779
687 780
687 783
687 797
687 805
687 807
687 817
687 819
687 820
687 823
687 828
687 830
687 838
687 856
688 694
688 695
688 696
688 697
688 701
688 713
688 719
688 723
688 724
688 726
688 727
688 734
688 739
688 740
688 747
688 751
688 752
688 754
688 756
688 766
688 770
688 771
688 772
688 774
688 777
688 780
688 792
688 800
688 805
688 815
688 819
688 821
688 823
688 824
688 828
688 830
688 834
688 840
688 845
688 847
688 849
688 853
688 856
689 702
689 712
689 714
689 732
689 771
689 789
689 839
690 694
690 713
690 731
690 773
690 784
690 820
690 831
690 853
691 746
691 771
691 782
691 822
691 833
693 695
693 697
693 705
693 713
693 726
693 734
693 778
693 823
693 824
693 828
693 834
693 837
693 844
694 695
694 696
694 697
694 703
694 705
694 706
694 710
694 711
694 713
694 719
694 722
694 724
694 726
694 727
694 731
694 737
694 738
694 745
694 752
694 754
694 756
694 760
694 766
694 772
694 773
694 774
694 780
694 781
694 784
694 795
694 798
694 800
694 805
694 810
694 812
694 815
694 820
694 821
694 823
694 824
694 827
694 828
694 829
694 830
694 831
694 834
694 842
694 845
694 847
694 848
694 853
695 696
695 697
695 700
695 701
695 706
695 711
695 713
695 718
695 719
695 724
695 726
695 734
695 738
695 745
695 751
695 752
695 754
695 760
695 766
695 777
695 778
695 780
695 781
695 784
695 794
695 805
695 810
695 815
695 824
695 829
695 830
695 834
695 840
695 842
695 844
695 847
695 853
696 697
696 711
696 713
696 719
696 724
696 727
696 738
696 739
696 745
696 747
696 773
696 774
696 778
696 780
696 784
696 795
696 805
696 823
696 824
696 828
696 829
696 830
696 834
696 840
696 842
696 845
696 853
697 698
697 701
697 705
697 708
697 709
697 713
697 719
697 721
697 724
697 726
697 727
697 731
697 745
697 747
697 748
697 753
697 754
697 760
697 765
697 766
697 769
697 772
697 777
697 780
697 781
697 800
697 805
697 815
697 818
697 819
697 820
697 823
697 824
697 827
697 828
697 830
697 834
697 835
697 840
697 842
697 844
697 848
697 849
697 856
697 890
698 703
698 708
698 713
698 719
698 729
698 745
698 747
698 753
698 769
698 772
698 774
698 776
698 798
698 800
698 803
698 804
698 805
698 810
698 811
698 819
698 823
698 825
698 828
698 830
698 840
698 856
698 857
698 858
698 859
698 860
698 861
698 862
698 863
698 864
698 865
698 866
698 867
698 868
698 869
698 870
698 871
698 872
698 873
698 874
698 875
698 876
698 877
698 878
698 879
698 880
698 881
698 882
698 883
698 884
698 885
698 886
698 887
698 888
698 889
698 890
698 891
698 892
698 893
698 894
698 895
698 3437
699 833
700 745
700 784
700 794
700 795
700 815
701 713
701 724
701 726
701 747
701 754
701 760
701 774
701 777
701 778
701 780
701 781
701 794
701 821
701 830
701 834
701 842
701 845
702 714
702 725
702 732
702 789
702 822
702 839
703 705
703 709
703 718
703 719
703 728
703 730
703 739
703 741
703 747
703 748
703 754
703 758
703 759
703 764
703 765
703 779
703 781
703 787
703 792
703 793
703 797
703 805
703 807
703 809
703 815
703 817
703 819
703 820
703 823
703 824
703 827
703 828
703 831
703 835
703 838
703 843
703 845
703 856
703 880
704 770
704 777
704 799
704 848
705 706
705 713
705 715
705 718
705 719
705 720
705 722
705 724
705 726
705 728
705 731
705 737
705 738
705 739
705 741
705 745
705 747
705 748
705 752
705 754
705 755
705 758
705 759
705 760
705 761
705 762
705 763
705 764
705 770
705 772
705 773
705 778
705 780
705 781
705 784
705 787
705 799
705 800
705 803
705 805
705 807
705 808
705 809
705 810
705 814
705 819
705 820
705 823
705 824
705 827
705 828
705 829
705 830
705 831
705 834
705 835
705 836
705 842
705 843
705 844
705 845
705 847
705 849
705 853
706 713
706 719
706 731
706 745
706 752
706 773
706 784
706 805
706 810
706 815
706 828
706 834
706 847
706 853
707 712
707 714
707 736
707 742
707 746
707 767
707 768
707 816
707 833
708 713
708 719
708 724
708 730
708 747
708 753
708 755
708 760
708 769
708 774
708 781
708 797
708 800
708 811
708 814
708 819
708 823
708 824
708 827
708 828
708 830
708 840
708 849
708 856
708 869
708 890
709 739
709 754
709 777
709 805
709 819
709 823
709 824
709 828
709 830
709 835
709 838
709 840
709 843
709 848
710 711
710 803
710 805
710 810
710 847
710 853
711 722
711 724
711 727
711 738
711 745
711 752
711 766
711 784
711 795
711 810
711 828
711 829
711 842
711 847
711 853
712 714
712 736
712 742
712 767
712 768
712 782
712 789
712 816
712 822
712 839
713 719
713 721
713 722
713 724
713 726
713 731
713 734
713 736
713 738
713 742
713 745
713 746
713 747
713 748
713 751
713 752
713 760
713 762
713 766
713 772
713 773
713 774
713 777
713 778
713 780
713 781
713 782
713 784
713 787
713 794
713 800
713 805
713 810
713 813
713 814
713 815
713 816
713 817
713 818
713 819
713 823
713 824
713 827
713 828
713 829
713 830
713 831
713 833
713 834
713 840
713 842
713 844
713 845
713 847
713 848
713 850
713 851
713 853
714 725
714 732
714 767
714 771
714 789
714 806
714 818
714 822
714 839
715 738
715 745
715 781
715 805
715 814
715 827
715 834
715 842
716 718
716 728
716 741
716 747
716 763
716 770
716 795
716 797
716 799
716 820
716 849
717 798
717 852
717 855
718 719
718 720
718 730
718 745
718 747
718 748
718 758
718 762
718 764
718 770
718 781
718 787
718 793
718 797
718 803
718 805
718 809
718 814
718 815
718 817
718 823
718 827
718 828
718 834
719 720
719 722
719 724
719 726
719 727
719 728
719 731
719 733
719 734
719 737
719 745
719 747
719 752
719 755
719 756
719 759
719 760
719 762
719 764
719 766
719 768
719 772
719 773
719 774
719 781
719 784
719 787
719 794
719 799
719 800
719 805
719 810
719 814
719 815
719 817
719 819
719 820
719 823
719 824
719 827
719 828
719 829
719 830
719 834
719 840
719 842
719 845
719 847
719 848
719 849
719 853
720 730
720 739
720 745
720 755
720 764
720 774
720 781
720 787
720 790
720 793
720 803
720 808
720 809
720 832
721 736
721 848
722 737
722 738
722 745
722 768
722 784
722 820
722 829
722 853
723 727
723 734
723 745
723 766
723 770
723 824
723 826
723 828
723 830
723 849
724 726
724 731
724 734
724 736
724 738
724 742
724 745
724 752
724 754
724 760
724 766
724 773
724 777
724 778
724 781
724 784
724 786
724 794
724 795
724 805
724 814
724 819
724 820
724 821
724 823
724 824
724 826
724 827
724 828
724 829
724 830
724 834
724 842
724 848
724 853
725 732
725 771
725 806
725 818
725 839
726 731
726 745
726 751
726 752
726 754
726 760
726 766
726 773
726 778
726 780
726 781
726 784
726 805
726 812
726 815
726 820
726 821
726 823
726 824
726 828
726 830
726 834
726 844
726 845
726 853
727 752
727 756
727 766
727 770
727 784
727 800
727 805
727 824
727 828
727 830
727 842
727 845
727 846
727 847
727 848
727 849
727 853
727 854
728 730
728 737
728 739
728 741
728 747
728 754
728 759
728 764
728 765
728 773
728 774
728 779
728 780
728 781
728 783
728 787
728 792
728 797
728 803
728 805
728 807
728 809
728 817
728 819
728 820
728 823
728 824
728 828
728 835
728 838
728 843
728 856
729 753
729 804
729 856
729 861
729 863
729 876
729 878
729 882
729 886
729 888
729 889
730 747
730 763
730 764
730 783
730 787
730 797
730 803
730 849
731 745
731 752
731 766
731 773
731 774
731 781
731 784
731 805
731 810
731 815
731 827
731 828
731 830
731 834
731 847
731 853
732 771
732 788
732 789
732 791
732 802
732 806
732 818
732 822
732 839
733 768
733 782
733 786
733 795
733 829
733 839
734 756
734 760
734 766
734 770
734 778
734 784
734 785
734 803
734 805
734 829
734 842
734 846
734 847
734 849
734 853
735 769
735 800
735 819
735 856
736 742
736 746
736 782
736 788
736 816
736 818
736 833
736 850
737 745
737 773
737 805
737 815
737 820
737 824
737 828
737 830
737 837
737 843
738 745
738 751
738 752
738 760
738 774
738 781
738 784
738 794
738 795
738 805
738 813
738 826
738 829
738 842
738 853
739 740
739 747
739 754
739 757
739 758
739 764
739 774
739 777
739 780
739 787
739 792
739 793
739 797
739 805
739 807
739 819
739 823
739 824
739 828
739 840
740 748
740 770
740 817
740 831
740 841
741 747
741 763
741 770
741 781
741 800
741 807
741 820
741 823
741 827
741 828
741 835
741 836
742 746
742 759
742 768
742 786
742 789
742 829
743 782
743 833
744 848
745 747
745 751
745 752
745 755
745 758
745 760
745 762
745 773
745 774
745 781
745 784
745 787
745 790
745 794
745 795
745 799
745 800
745 805
745 810
745 813
745 814
745 815
745 817
745 820
745 823
745 824
745 827
745 828
745 829
745 830
745 834
745 842
745 845
745 847
745 853
746 782
746 816
746 833
747 748
747 752
747 753
747 754
747 758
747 763
747 764
747 765
747 769
747 770
747 773
747 774
747 780
747 783
747 792
747 793
747 797
747 800
747 803
747 804
747 805
747 807
747 809
747 810
747 815
747 819
747 820
747 823
747 828
747 830
747 831
747 837
747 838
747 840
747 848
747 849
747 856
747 880
748 758
748 764
748 770
748 779
748 787
748 793
748 797
748 817
748 830
748 831
748 849
749 757
750 770
751 784
751 795
751 828
751 830
751 842
752 759
752 766
752 773
752 774
752 781
752 784
752 800
752 805
752 810
752 815
752 820
752 823
752 824
752 827
752 828
752 829
752 830
752 831
752 834
752 842
752 847
752 853
753 769
753 819
753 823
753 856
753 861
753 889
753 890
754 773
754 777
754 779
754 780
754 792
754 805
754 815
754 821
754 823
754 824
754 828
754 830
754 835
754 838
754 840
754 848
755 758
755 781
755 783
755 787
755 793
755 797
755 808
755 809
755 814
755 827
755 836
755 845
755 849
756 805
756 826
756 827
756 847
757 775
758 781
758 783
758 787
758 793
758 808
758 809
758 814
758 817
758 827
758 836
758 849
759 766
759 828
760 766
760 781
760 784
760 794
760 800
760 805
760 814
760 820
760 823
760 824
760 827
760 828
760 829
760 830
760 834
760 842
761 772
761 800
761 805
761 827
761 842
761 848
762 781
762 799
762 805
762 810
762 814
762 827
762 842
763 770
763 787
763 797
763 803
763 804
763 820
763 836
763 849
764 779
764 781
764 783
764 787
764 793
764 797
764 805
764 807
764 809
764 817
764 823
764 824
764 827
764 828
764 838
764 843
765 779
765 780
765 792
765 807
765 823
765 835
765 843
765 856
766 771
766 780
766 784
766 800
766 805
766 810
766 815
766 820
766 823
766 824
766 826
766 827
766 828
766 830
766 834
766 847
766 849
766 853
767 768
767 796
767 822
767 839
768 786
768 789
768 816
768 822
768 833
768 839
769 774
769 798
769 800
769 811
769 828
769 856
769 869
769 890
770 772
770 777
770 781
770 783
770 797
770 799
770 803
770 820
770 824
770 828
770 845
770 849
771 789
771 791
771 802
771 806
771 818
771 839
771 850
772 781
772 800
772 805
772 814
772 827
772 828
772 845
772 856
773 774
773 780
773 781
773 784
773 810
773 815
773 820
773 821
773 823
773 824
773 827
773 828
773 829
773 831
773 834
773 836
773 842
773 847
773 853
774 784
774 800
774 805
774 807
774 810
774 811
774 819
774 820
774 823
774 824
774 828
774 830
774 840
774 843
774 853
774 856
774 869
776 867
776 872
776 873
776 874
776 877
776 885
776 887
777 779
777 780
777 824
777 829
777 830
778 812
778 819
778 828
778 830
778 834
778 844
779 780
779 792
779 807
779 823
779 824
779 828
779 835
779 838
779 840
780 792
780 803
780 805
780 815
780 819
780 823
780 824
780 828
780 830
780 834
780 835
780 838
780 840
780 845
781 783
781 784
781 787
781 793
781 794
781 800
781 805
781 809
781 810
781 814
781 815
781 817
781 823
781 824
781 827
781 828
781 829
781 830
781 834
781 836
781 842
781 849
781 853
782 786
782 804
782 813
782 829
782 833
783 787
783 793
783 797
783 809
783 817
783 820
783 827
783 849
784 794
784 795
784 800
784 810
784 813
784 824
784 826
784 827
784 828
784 829
784 834
784 842
784 853
784 854
785 846
786 813
786 829
786 833
787 793
787 797
787 803
787 808
787 809
787 814
787 817
787 823
787 827
787 836
787 849
788 806
789 806
789 818
789 833
789 839
790 832
791 796
791 806
791 818
791 822
792 803
792 805
792 807
792 815
792 819
792 823
792 824
792 828
792 830
792 835
792 837
792 838
792 850
793 797
793 808
793 809
793 817
793 836
793 849
793 850
794 795
794 842
795 813
795 820
795 829
795 842
795 853
796 806
796 818
796 822
796 829
797 808
797 809
797 817
797 820
797 827
797 828
797 831
797 849
798 852
798 855
799 813
799 814
799 835
799 845
800 805
800 810
800 811
800 814
800 823
800 827
800 828
800 830
800 834
800 842
800 845
800 851
800 853
800 856
802 806
802 818
803 820
803 832
803 837
803 840
803 880
804 849
804 856
804 861
804 863
804 876
804 878
804 882
804 886
804 888
804 889
805 807
805 810
805 814
805 815
805 817
805 818
805 819
805 823
805 824
805 827
805 828
805 829
805 830
805 831
805 834
805 837
805 838
805 840
805 842
805 843
805 844
805 847
805 853
805 880
806 818
806 822
806 833
806 839
806 850
807 819
807 823
807 828
807 838
807 843
807 856
808 809
809 817
809 827
810 814
810 815
810 823
810 827
810 828
810 834
810 842
810 847
810 853
810 856
811 856
811 869
811 890
812 815
812 824
812 828
812 837
813 833
814 827
814 828
814 829
814 834
814 842
814 853
815 819
815 823
815 824
815 828
815 830
815 834
815 835
815 837
815 838
815 845
815 847
815 853
815 856
816 833
816 850
817 819
817 827
817 828
817 830
817 850
818 822
818 839
819 823
819 824
819 827
819 828
819 830
819 834
819 835
819 838
819 840
819 848
819 856
819 880
820 823
820 824
820 828
820 830
820 831
820 834
820 845
820 848
820 849
820 853
821 836
822 829
822 839
822 850
823 824
823 827
823 828
823 830
823 834
823 835
823 838
823 840
823 843
823 848
823 853
823 856
823 880
824 826
824 827
824 828
824 829
824 830
824 834
824 835
824 837
824 838
824 840
824 842
824 843
824 844
824 847
824 848
824 849
824 853
825 856
825 864
825 884
825 889
826 828
826 830
826 842
827 828
827 830
827 834
827 842
827 849
827 853
828 829
828 830
828 834
828 835
828 837
828 838
828 840
828 842
828 844
828 845
828 846
828 847
828 848
828 849
828 851
828 853
828 856
828 880
829 834
829 842
829 847
829 853
830 834
830 838
830 840
830 844
830 845
830 846
830 847
830 849
830 853
830 856
831 853
834 842
834 844
834 847
834 853
835 837
835 838
836 853
837 840
838 840
838 856
840 848
840 856
842 853
844 848
845 849
847 853
852 855
856 861
856 863
856 864
856 869
856 876
856 878
856 882
856 888
856 889
856 893
857 862
857 865
857 868
857 871
857 3437
857 3456
857 3495
857 3586
857 3621
857 3626
857 3797
858 870
858 871
858 881
858 895
859 885
860 1684
861 863
861 876
861 878
861 888
861 889
862 865
862 868
862 1085
862 3437
862 3456
862 3495
862 3501
862 3517
862 3550
862 3577
862 3586
862 3592
862 3609
862 3621
862 3633
862 3677
862 3684
862 3721
862 3779
862 3797
862 3872
862 3948
863 876
863 878
863 882
863 886
863 888
863 889
864 884
864 893
865 868
866 879
866 881
866 894
866 895
867 872
867 873
867 874
867 877
867 885
867 887
869 890
870 871
870 879
870 881
870 894
870 895
871 879
871 881
871 895
872 873
872 874
872 885
872 887
873 874
873 885
874 885
874 887
876 878
876 882
876 886
876 888
876 889
877 885
878 886
878 888
878 889
879 881
879 894
881 895
882 886
882 889
884 893
885 887
886 889
888 889
896 902
896 954
896 957
896 975
896 981
896 984
896 988
896 989
896 994
896 1007
896 1009
896 1014
896 1015
896 1018
896 1019
896 1021
896 1032
896 1036
896 1044
896 1060
896 1067
896 1081
896 1082
896 1100
896 1102
896 1104
896 1108
896 1115
896 1120
896 1129
896 1148
896 1158
896 1170
896 1190
896 1192
896 1204
896 1215
896 1221
896 1227
896 1229
896 1231
896 1235
896 1257
896 1261
896 1273
896 1277
896 1282
896 1284
896 1286
896 1292
896 1298
896 1303
896 1315
896 1322
896 1324
896 1345
896 1347
896 1350
896 1373
896 1379
896 1381
896 1392
896 1396
896 1404
896 1413
896 1417
896 1423
896 1426
896 1432
896 1438
896 1448
896 1454
896 1459
896 1462
896 1475
896 1479
896 1495
896 1502
896 1515
896 1550
896 1573
896 1576
896 1578
896 1583
896 1587
896 1591
896 1595
896 1596
896 1611
896 1628
896 1635
896 1636
896 1638
896 1647
896 1661
896 1680
896 1691
896 1706
896 1715
896 1716
896 1720
896 1728
896 1732
896 1742
896 1751
896 1764
896 1783
896 1786
896 1790
896 1812
896 1824
896 1841
896 1850
896 1857
896 1859
896 1862
896 1871
896 1872
896 1873
896 1875
896 1893
896 1899
896 1903
897 922
897 927
897 947
897 953
897 967
897 991
897 995
897 1029
897 1058
897 1074
897 1083
897 1084
897 1123
897 1160
897 1173
897 1191
897 1205
897 1214
897 1219
897 1256
897 1280
897 1305
897 1312
897 1323
897 1329
897 1331
897 1361
897 1376
897 1388
897 1398
897 1409
897 1420
897 1447
897 1449
897 1458
897 1460
897 1467
897 1470
897 1480
897 1483
897 1513
897 1519
897 1522
897 1530
897 1535
897 1553
897 1570
897 1590
897 1612
897 1620
897 1639
897 1741
897 1765
897 1768
897 1769
897 1782
897 1791
897 1799
897 1805
897 1835
897 1842
897 1846
897 1861
897 1863
897 1888
898 917
898 919
898 942
898 969
898 971
898 1014
898 1020
898 1066
898 1081
898 1099
898 1102
898 1108
898 1166
898 1261
898 1273
898 1277
898 1282
898 1309
898 1316
898 1373
898 1382
898 1396
898 1406
898 1454
898 1515
898 1595
898 1729
898 1732
898 1742
898 1751
898 1783
898 1786
898 1820
898 1824
898 1848
898 1871
898 1875
899 1133
899 1442
900 908
900 919
900 1014
900 1136
900 1261
900 1307
900 1494
900 1553
900 1615
900 1687
900 1698
900 1825
901 903
901 938
901 958
901 963
901 992
901 1097
901 1118
901 1137
901 1186
901 1216
901 1232
901 1314
901 1319
901 1333
901 1363
901 1371
901 1378
901 1452
901 1468
901 1493
901 1533
901 1548
901 1568
901 1601
901 1629
901 1648
901 1733
901 1787
901 1798
901 1837
901 1880
901 1892
901 1895
902 957
902 975
902 981
902 1019
902 1036
902 1067
902 1082
902 1100
902 1104
902 1129
902 1148
902 1158
902 1190
902 1192
902 1204
902 1227
902 1235
902 1257
902 1277
902 1279
902 1298
902 1322
902 1345
902 1347
902 1379
902 1426
902 1438
902 1448
902 1459
902 1462
902 1479
902 1573
902 1576
902 1591
902 1596
902 1611
902 1628
902 1636
902 1680
902 1691
902 1857
902 1872
902 1873
902 1899
903 917
903 963
903 992
903 1097
903 1118
903 1137
903 1186
903 1216
903 1232
903 1314
903 1319
903 1333
903 1363
903 1371
903 1378
903 1452
903 1468
903 1493
903 1533
903 1548
903 1568
903 1601
903 1629
903 1648
903 1733
903 1747
903 1787
903 1798
903 1837
903 1880
903 1892
903 1895
904 1224
905 1001
905 1095
905 1114
905 1217
905 1226
905 1237
905 1263
905 1408
905 1422
905 1487
905 1536
905 1658
905 1692
906 925
906 966
906 1003
906 1048
906 1049
906 1054
906 1059
906 1075
906 1078
906 1110
906 1116
906 1126
906 1128
906 1175
906 1184
906 1199
906 1205
906 1209
906 1222
906 1242
906 1243
906 1250
906 1256
906 1269
906 1278
906 1323
906 1344
906 1352
906 1367
906 1375
906 1376
906 1377
906 1390
906 1407
906 1431
906 1471
906 1480
906 1520
906 1528
906 1547
906 1551
906 1554
906 1557
906 1570
906 1572
906 1600
906 1609
