906 1620
906 1622
906 1623
906 1644
906 1652
906 1653
906 1659
906 1663
906 1688
906 1689
906 1724
906 1730
906 1737
906 1746
906 1757
906 1768
906 1771
906 1795
906 1796
906 1800
906 1804
906 1811
906 1816
906 1827
906 1861
906 1867
906 1877
906 1888
906 1891
907 948
907 980
907 1047
907 1155
907 1172
907 1420
907 1464
907 1677
907 1685
907 1730
907 1734
907 1845
908 950
908 1033
908 1077
908 1136
908 1144
908 1187
908 1203
908 1274
908 1307
908 1325
908 1327
908 1337
908 1360
908 1421
908 1433
908 1465
908 1511
908 1518
908 1537
908 1555
908 1567
908 1588
908 1593
908 1615
908 1687
908 1698
908 1719
908 1806
908 1825
908 1866
909 955
909 1030
909 1043
909 1045
909 1111
909 1197
909 1368
909 1384
909 1436
909 1788
909 1889
910 912
910 1657
910 1776
910 1808
912 1122
912 1357
912 1422
912 1536
912 1657
912 1776
912 1808
913 914
913 968
913 1052
913 1068
913 1093
913 1135
913 1173
913 1183
913 1217
913 1222
913 1238
913 1247
913 1357
913 1366
913 1377
913 1408
913 1436
913 1444
913 1453
913 1487
913 1497
913 1561
913 1575
913 1620
913 1630
913 1646
913 1658
913 1675
913 1688
913 1699
913 1703
913 1709
913 1727
913 1738
913 1807
913 1813
913 1818
913 1867
913 1881
913 1885
913 1897
913 1910
914 915
914 1052
914 1217
914 1247
914 1408
914 1453
914 1574
914 1575
914 1673
914 1807
914 1818
914 1882
914 1885
914 1897
915 930
915 948
915 962
915 1110
915 1142
915 1155
915 1192
915 1294
915 1408
915 1425
915 1427
915 1446
915 1487
915 1545
915 1549
915 1565
915 1574
915 1602
915 1625
915 1636
915 1671
915 1673
915 1763
915 1766
915 1778
915 1790
915 1801
915 1844
915 1881
915 1897
916 925
916 946
916 947
916 952
916 960
916 966
916 967
916 972
916 978
916 982
916 983
916 993
916 999
916 1004
916 1006
916 1017
916 1026
916 1028
916 1040
916 1047
916 1063
916 1069
916 1076
916 1078
916 1079
916 1086
916 1092
916 1125
916 1149
916 1153
916 1156
916 1163
916 1172
916 1175
916 1182
916 1184
916 1191
916 1199
916 1207
916 1211
916 1214
916 1222
916 1230
916 1238
916 1250
916 1255
916 1256
916 1267
916 1269
916 1271
916 1280
916 1285
916 1287
916 1288
916 1289
916 1290
916 1293
916 1294
916 1302
916 1305
916 1312
916 1329
916 1330
916 1331
916 1335
916 1361
916 1365
916 1370
916 1376
916 1380
916 1390
916 1399
916 1402
916 1409
916 1431
916 1456
916 1471
916 1483
916 1509
916 1516
916 1522
916 1523
916 1524
916 1530
916 1547
916 1551
916 1554
916 1557
916 1559
916 1563
916 1571
916 1580
916 1584
916 1589
916 1597
916 1598
916 1605
916 1610
916 1612
916 1613
916 1614
916 1617
916 1619
916 1621
916 1622
916 1623
916 1632
916 1637
916 1643
916 1662
916 1663
916 1665
916 1668
916 1685
916 1707
916 1712
916 1717
916 1718
916 1730
916 1735
916 1736
916 1746
916 1750
916 1752
916 1753
916 1754
916 1768
916 1791
916 1793
916 1796
916 1799
916 1800
916 1804
916 1809
916 1823
916 1827
916 1835
916 1839
916 1849
916 1861
916 1864
916 1868
916 1879
916 1888
916 1900
916 1902
917 919
917 933
917 938
917 942
917 944
917 954
917 957
917 964
917 965
917 969
917 984
917 992
917 1007
917 1014
917 1018
917 1020
917 1032
917 1037
917 1042
917 1051
917 1052
917 1057
917 1060
917 1066
917 1070
917 1081
917 1086
917 1099
917 1102
917 1108
917 1121
917 1158
917 1159
917 1166
917 1167
917 1183
917 1204
917 1216
917 1217
917 1221
917 1225
917 1235
917 1241
917 1245
917 1246
917 1260
917 1261
917 1273
917 1275
917 1277
917 1281
917 1282
917 1296
917 1299
917 1303
917 1309
917 1314
917 1316
917 1324
917 1338
917 1366
917 1371
917 1373
917 1382
917 1396
917 1406
917 1412
917 1418
917 1429
917 1436
917 1444
917 1451
917 1454
917 1469
917 1472
917 1481
917 1502
917 1503
917 1504
917 1507
917 1515
917 1525
917 1531
917 1533
917 1536
917 1541
917 1569
917 1582
917 1595
917 1630
917 1661
917 1681
917 1686
917 1699
917 1703
917 1706
917 1709
917 1725
917 1727
917 1729
917 1732
917 1733
917 1738
917 1739
917 1742
917 1751
917 1770
917 1783
917 1785
917 1786
917 1787
917 1807
917 1812
917 1820
917 1824
917 1828
917 1848
917 1871
917 1876
917 1893
917 1894
917 1899
917 1906
917 1907
919 942
919 1020
919 1032
919 1066
919 1099
919 1102
919 1245
919 1261
919 1277
919 1303
919 1373
919 1396
919 1495
919 1582
919 1661
919 1729
919 1732
919 1742
919 1751
919 1783
919 1786
919 1820
919 1824
919 1871
920 921
920 1182
920 1334
920 1369
920 1376
920 1447
920 1477
920 1484
920 1584
920 1782
920 1792
920 1860
921 925
921 927
921 934
921 952
921 967
921 980
921 993
921 995
921 1026
921 1048
921 1049
921 1059
921 1078
921 1124
921 1126
921 1128
921 1135
921 1146
921 1164
921 1182
921 1185
921 1195
921 1199
921 1222
921 1230
921 1243
921 1255
921 1269
921 1272
921 1290
921 1291
921 1312
921 1323
921 1329
921 1334
921 1341
921 1352
921 1361
921 1367
921 1369
921 1375
921 1376
921 1377
921 1389
921 1390
921 1391
921 1393
921 1399
921 1404
921 1407
921 1420
921 1431
921 1467
921 1471
921 1509
921 1516
921 1520
921 1522
921 1535
921 1540
921 1551
921 1554
921 1557
921 1563
921 1570
921 1584
921 1589
921 1603
921 1608
921 1612
921 1613
921 1621
921 1622
921 1639
921 1643
921 1663
921 1669
921 1675
921 1683
921 1685
921 1689
921 1714
921 1718
921 1730
921 1734
921 1735
921 1750
921 1753
921 1757
921 1761
921 1765
921 1768
921 1793
921 1813
921 1823
921 1826
921 1827
921 1833
921 1835
921 1842
921 1845
921 1864
921 1888
921 1891
922 946
922 991
922 1123
922 1130
922 1199
922 1305
922 1312
922 1341
922 1398
922 1399
922 1449
922 1458
922 1467
922 1480
922 1590
922 1614
922 1626
922 1662
922 1702
922 1780
922 1800
922 1805
922 1817
922 1839
922 1846
922 1858
922 1863
922 1909
923 961
923 1178
923 1193
923 1317
923 1369
923 1505
923 1758
924 940
924 954
924 974
924 1000
924 1010
924 1035
924 1037
924 1051
924 1070
924 1109
924 1120
924 1127
924 1141
924 1159
924 1170
924 1188
924 1228
924 1236
924 1258
924 1260
924 1275
924 1304
924 1308
924 1310
924 1338
924 1355
924 1366
924 1412
924 1469
924 1472
924 1482
924 1496
924 1500
924 1525
924 1536
924 1549
924 1703
924 1709
924 1725
924 1745
924 1781
924 1830
924 1876
924 1906
925 927
925 946
925 967
925 978
925 980
925 993
925 999
925 1003
925 1004
925 1017
925 1047
925 1048
925 1049
925 1054
925 1059
925 1075
925 1076
925 1079
925 1086
925 1092
925 1110
925 1112
925 1124
925 1125
925 1126
925 1132
925 1146
925 1149
925 1172
925 1175
925 1180
925 1181
925 1184
925 1185
925 1196
925 1198
925 1199
925 1209
925 1211
925 1214
925 1222
925 1242
925 1243
925 1250
925 1265
925 1267
925 1269
925 1290
925 1291
925 1302
925 1312
925 1323
925 1334
925 1335
925 1339
925 1340
925 1344
925 1352
925 1365
925 1367
925 1375
925 1376
925 1377
925 1390
925 1399
925 1416
925 1420
925 1431
925 1449
925 1456
925 1460
925 1471
925 1485
925 1491
925 1509
925 1516
925 1520
925 1523
925 1524
925 1530
925 1538
925 1539
925 1547
925 1551
925 1554
925 1557
925 1559
925 1563
925 1570
925 1572
925 1584
925 1589
925 1590
925 1597
925 1598
925 1600
925 1608
925 1610
925 1612
925 1613
925 1614
925 1617
925 1618
925 1620
925 1621
925 1622
925 1623
925 1632
925 1637
925 1639
925 1643
925 1644
925 1653
925 1659
925 1663
925 1668
925 1669
925 1675
925 1683
925 1688
925 1689
925 1710
925 1714
925 1717
925 1718
925 1721
925 1724
925 1730
925 1734
925 1735
925 1736
925 1737
925 1746
925 1750
925 1752
925 1753
925 1757
925 1768
925 1769
925 1771
925 1774
925 1793
925 1795
925 1796
925 1799
925 1800
925 1804
925 1811
925 1813
925 1819
925 1827
925 1833
925 1835
925 1836
925 1842
925 1861
925 1867
925 1877
925 1879
925 1886
925 1888
925 1891
925 1909
926 946
926 960
926 997
926 1026
926 1056
926 1151
926 1191
926 1255
926 1256
926 1280
926 1409
926 1509
926 1604
926 1605
926 1608
926 1663
926 1722
926 1782
926 1810
926 1835
927 946
927 947
927 967
927 980
927 993
927 1026
927 1048
927 1124
927 1146
927 1153
927 1175
927 1182
927 1185
927 1195
927 1214
927 1243
927 1255
927 1265
927 1269
927 1290
927 1312
927 1329
927 1334
927 1352
927 1367
927 1369
927 1376
927 1377
927 1405
927 1420
927 1460
927 1467
927 1513
927 1520
927 1528
927 1530
927 1551
927 1554
927 1563
927 1570
927 1584
927 1589
927 1590
927 1603
927 1608
927 1609
927 1611
927 1612
927 1613
927 1621
927 1639
927 1663
927 1669
927 1675
927 1724
927 1730
927 1736
927 1750
927 1765
927 1768
927 1782
927 1791
927 1799
927 1811
927 1819
927 1827
927 1831
927 1835
927 1846
927 1851
927 1888
928 1061
928 1144
928 1174
928 1328
928 1494
928 1676
928 1705
928 1825
929 1317
929 1505
929 1701
929 1838
930 948
930 962
930 976
930 1080
930 1113
930 1122
930 1142
930 1155
930 1210
930 1294
930 1318
930 1332
930 1349
930 1358
930 1374
930 1400
930 1408
930 1425
930 1427
930 1446
930 1464
930 1514
930 1526
930 1549
930 1565
930 1574
930 1616
930 1625
930 1645
930 1660
930 1671
930 1679
930 1694
930 1695
930 1763
930 1766
930 1773
930 1801
930 1844
930 1870
930 1878
930 1881
930 1882
931 939
931 1064
931 1212
931 1343
931 1453
931 1566
931 1645
931 1671
931 1694
931 1743
931 1829
931 1831
931 1910
932 953
932 980
932 982
932 995
932 997
932 1026
932 1029
932 1056
932 1074
932 1107
932 1156
932 1172
932 1173
932 1191
932 1205
932 1211
932 1238
932 1256
932 1269
932 1302
932 1329
932 1330
932 1331
932 1370
932 1388
932 1399
932 1409
932 1420
932 1440
932 1447
932 1483
932 1488
932 1509
932 1517
932 1535
932 1571
932 1580
932 1589
932 1594
932 1604
932 1605
932 1620
932 1622
932 1659
932 1663
932 1665
932 1669
932 1675
932 1685
932 1722
932 1730
932 1734
932 1741
932 1754
932 1775
932 1813
932 1827
932 1843
932 1845
932 1864
932 1898
932 1902
933 941
933 942
933 971
933 1014
933 1103
933 1215
933 1241
933 1261
933 1273
933 1502
933 1503
933 1573
933 1649
933 1661
933 1704
933 1706
933 1729
933 1742
933 1794
933 1820
933 1850
933 1871
934 952
934 980
934 993
934 1026
934 1048
934 1076
934 1079
934 1086
934 1126
934 1128
934 1146
934 1155
934 1175
934 1185
934 1199
934 1211
934 1243
934 1267
934 1269
934 1291
934 1302
934 1305
934 1329
934 1334
934 1352
934 1367
934 1376
934 1377
934 1390
934 1391
934 1399
934 1420
934 1431
934 1456
934 1467
934 1471
934 1491
934 1508
934 1509
934 1516
934 1522
934 1538
934 1551
934 1559
934 1584
934 1589
934 1597
934 1603
934 1608
934 1610
934 1612
934 1613
934 1621
934 1637
934 1643
934 1663
934 1668
934 1675
934 1707
934 1714
934 1721
934 1730
934 1746
934 1750
934 1753
934 1757
934 1761
934 1768
934 1791
934 1793
934 1795
934 1799
934 1800
934 1804
934 1823
934 1827
934 1833
934 1835
934 1888
934 1902
935 1007
935 1393
935 1531
935 1680
935 1781
935 1807
936 1001
936 1012
936 1114
936 1122
936 1155
936 1179
936 1223
936 1237
936 1300
936 1320
936 1358
936 1374
936 1506
936 1512
936 1574
936 1606
936 1616
936 1645
936 1673
936 1677
936 1740
936 1767
936 1870
936 1882
937 1106
937 1248
937 1264
937 1725
937 1749
937 1785
938 992
938 1097
938 1118
938 1216
938 1232
938 1314
938 1319
938 1333
938 1363
938 1378
938 1424
938 1452
938 1468
938 1493
938 1533
938 1548
938 1568
938 1601
938 1648
938 1733
938 1747
938 1787
938 1798
938 1837
938 1880
938 1895
939 1064
939 1154
939 1212
939 1295
939 1342
939 1356
939 1425
939 1453
939 1478
939 1497
939 1545
939 1566
939 1829
939 1831
939 1910
940 1109
940 1139
940 1221
940 1236
940 1259
940 1338
940 1418
940 1425
940 1469
940 1472
940 1504
940 1541
940 1650
940 1904
940 1906
941 942
941 945
941 954
941 969
941 971
941 984
941 1020
941 1032
941 1081
941 1104
941 1227
941 1235
941 1257
941 1273
941 1277
941 1281
941 1282
941 1303
941 1379
941 1404
941 1406
941 1412
941 1429
941 1454
941 1462
941 1502
941 1573
941 1582
941 1596
941 1611
941 1628
941 1635
941 1638
941 1680
941 1691
941 1704
941 1706
941 1729
941 1742
941 1764
941 1783
941 1786
941 1794
941 1820
941 1824
941 1828
941 1850
941 1857
941 1871
941 1893
941 1894
941 1907
942 954
942 969
942 971
942 984
942 1014
942 1018
942 1020
942 1032
942 1066
942 1081
942 1099
942 1102
942 1108
942 1148
942 1166
942 1204
942 1215
942 1245
942 1261
942 1282
942 1284
942 1303
942 1309
942 1316
942 1324
942 1347
942 1373
942 1396
942 1404
942 1406
942 1451
942 1454
942 1495
942 1502
942 1503
942 1508
942 1515
942 1582
942 1595
942 1638
942 1661
942 1706
942 1729
942 1732
942 1742
942 1751
942 1783
942 1786
942 1812
942 1820
942 1824
942 1828
942 1848
942 1871
942 1893
942 1894
942 1899
942 1907
943 1042
943 1051
943 1167
943 1168
943 1189
943 1225
943 1236
943 1244
943 1304
943 1308
943 1536
944 965
944 977
944 1011
944 1041
944 1051
944 1070
944 1072
944 1131
944 1159
944 1169
944 1249
944 1258
944 1260
944 1275
944 1306
944 1338
944 1366
944 1428
944 1469
944 1472
944 1504
944 1525
944 1536
944 1630
944 1634
944 1686
944 1703
944 1709
944 1725
944 1738
944 1748
944 1756
944 1770
944 1815
944 1876
945 1406
945 1704
946 947
946 952
946 960
946 966
946 967
946 968
946 991
946 993
946 1003
946 1004
946 1006
946 1024
946 1026
946 1028
946 1048
946 1059
946 1076
946 1078
946 1079
946 1083
946 1086
946 1092
946 1112
946 1123
946 1125
946 1126
946 1132
946 1146
946 1149
946 1153
946 1163
946 1172
946 1181
946 1182
946 1184
946 1185
946 1196
946 1199
946 1207
946 1209
946 1211
946 1238
946 1242
946 1243
946 1250
946 1255
946 1267
946 1272
946 1287
946 1289
946 1302
946 1305
946 1312
946 1330
946 1331
946 1339
946 1344
946 1352
946 1361
946 1365
946 1367
946 1369
946 1370
946 1375
946 1376
946 1377
946 1390
946 1391
946 1398
946 1399
946 1402
946 1405
946 1416
946 1420
946 1431
946 1449
946 1456
946 1467
946 1480
946 1485
946 1488
946 1491
946 1509
946 1516
946 1522
946 1530
946 1532
946 1538
946 1539
946 1547
946 1554
946 1557
946 1559
946 1563
946 1570
946 1580
946 1584
946 1589
946 1590
946 1597
946 1598
946 1603
946 1608
946 1610
946 1612
946 1614
946 1617
946 1619
946 1621
946 1623
946 1632
946 1637
946 1653
946 1662
946 1663
946 1668
946 1683
946 1689
946 1700
946 1707
946 1712
946 1714
946 1717
946 1721
946 1730
946 1735
946 1736
946 1737
946 1741
946 1746
946 1750
946 1752
946 1753
946 1757
946 1761
946 1768
946 1782
946 1791
946 1793
946 1799
946 1800
946 1804
946 1810
946 1816
946 1819
946 1823
946 1826
946 1827
946 1833
946 1835
946 1836
946 1839
946 1846
946 1849
946 1867
946 1868
946 1879
946 1886
946 1888
946 1902
947 978
947 993
947 999
947 1017
947 1028
947 1049
947 1059
947 1078
947 1079
947 1086
947 1101
947 1126
947 1128
947 1132
947 1135
947 1156
947 1184
947 1185
947 1199
947 1211
947 1230
947 1242
947 1243
947 1250
947 1267
947 1269
947 1272
947 1287
947 1291
947 1302
947 1305
947 1329
947 1341
947 1352
947 1365
947 1367
947 1376
947 1377
947 1390
947 1391
947 1399
947 1416
947 1420
947 1431
947 1449
947 1467
947 1471
947 1491
947 1509
947 1516
947 1522
947 1528
947 1539
947 1551
947 1559
947 1562
947 1563
947 1584
947 1589
947 1590
947 1597
947 1598
947 1603
947 1604
947 1608
947 1610
947 1612
947 1613
947 1614
947 1617
947 1621
947 1622
947 1637
947 1639
947 1653
947 1663
947 1668
947 1669
947 1683
947 1714
947 1717
947 1721
947 1730
947 1735
947 1746
947 1750
947 1752
947 1754
947 1757
947 1761
947 1765
947 1768
947 1782
947 1795
947 1799
947 1800
947 1804
947 1808
947 1813
947 1816
947 1823
947 1827
947 1832
947 1833
947 1835
947 1845
947 1864
947 1867
947 1886
947 1888
948 1012
948 1025
948 1080
948 1113
948 1142
948 1237
948 1313
948 1318
948 1320
948 1332
948 1358
948 1427
948 1446
948 1464
948 1487
948 1526
948 1543
948 1549
948 1565
948 1574
948 1625
948 1660
948 1677
948 1695
948 1763
948 1766
948 1773
948 1801
948 1844
948 1870
948 1878
948 1881
949 1041
949 1052
949 1072
949 1106
949 1109
949 1121
949 1189
949 1226
949 1259
949 1348
949 1415
949 1428
949 1472
949 1507
949 1529
949 1536
949 1541
949 1630
949 1681
949 1770
949 1831
950 1136
950 1337
950 1410
950 1445
950 1494
950 1537
950 1555
950 1687
951 973
951 1033
951 1161
951 1274
951 1325
951 1327
951 1337
951 1445
951 1511
951 1523
951 1540
951 1618
951 1641
951 1656
951 1687
951 1702
951 1718
951 1806
951 1852
952 967
952 993
952 1004
952 1017
952 1028
952 1054
952 1059
952 1076
952 1078
952 1086
952 1126
952 1128
952 1149
952 1156
952 1184
952 1185
952 1199
952 1211
952 1230
952 1250
952 1267
952 1269
952 1290
952 1291
952 1302
952 1341
952 1352
952 1365
952 1367
952 1376
952 1377
952 1390
952 1391
952 1399
952 1420
952 1431
952 1467
952 1491
952 1516
952 1522
952 1530
952 1539
952 1554
952 1557
952 1572
952 1584
952 1589
952 1597
952 1603
952 1608
952 1612
952 1617
952 1621
952 1622
952 1662
952 1663
952 1689
952 1707
952 1714
952 1717
952 1730
952 1735
952 1736
952 1746
952 1750
952 1752
952 1757
952 1761
952 1791
952 1793
952 1799
952 1800
952 1810
952 1823
952 1827
952 1833
952 1849
952 1886
952 1888
953 978
953 993
953 995
953 997
953 1029
953 1040
953 1047
953 1056
953 1059
953 1078
953 1083
953 1086
953 1107
953 1117
953 1124
953 1135
953 1156
953 1160
953 1163
953 1172
953 1173
953 1191
953 1199
953 1201
953 1205
953 1214
953 1222
953 1230
953 1238
953 1243
953 1256
953 1271
953 1280
953 1289
953 1323
953 1330
953 1331
953 1336
953 1359
953 1361
953 1370
953 1377
953 1389
953 1390
953 1391
953 1409
953 1431
953 1447
953 1456
953 1470
953 1471
953 1483
953 1487
953 1488
953 1509
953 1517
953 1520
953 1530
953 1551
953 1553
953 1559
953 1563
953 1571
953 1580
953 1589
953 1590
953 1604
953 1605
953 1609
953 1610
953 1613
953 1619
953 1620
953 1621
953 1622
953 1637
953 1662
953 1663
953 1665
953 1670
953 1675
953 1685
953 1688
953 1707
953 1714
953 1717
953 1722
953 1730
953 1736
953 1741
953 1768
953 1791
953 1793
953 1800
953 1804
953 1809
953 1813
953 1826
953 1842
953 1849
953 1861
953 1868
953 1888
953 1898
953 1902
954 969
954 971
954 984
954 1014
954 1018
954 1020
954 1032
954 1066
954 1102
954 1104
954 1108
954 1120
954 1166
954 1227
954 1235
954 1245
954 1273
954 1277
954 1281
954 1282
954 1303
954 1324
954 1373
954 1382
954 1396
954 1479
954 1495
954 1502
954 1515
954 1591
954 1595
954 1649
954 1661
954 1706
954 1729
954 1732
954 1742
954 1751
954 1781
954 1783
954 1786
954 1794
954 1812
954 1820
954 1824
954 1830
954 1871
954 1893
955 1030
955 1043
955 1045
955 1111
955 1197
955 1254
955 1368
955 1788
956 979
956 1016
956 1138
956 1177
956 1218
956 1403
956 1499
956 1548
956 1889
957 975
957 981
957 1036
957 1060
957 1066
957 1067
957 1082
957 1104
957 1120
957 1148
957 1158
957 1170
957 1190
957 1192
957 1204
957 1227
957 1231
957 1235
957 1257
957 1277
957 1284
957 1286
957 1292
957 1298
957 1315
957 1322
957 1345
957 1347
957 1379
957 1381
957 1392
957 1404
957 1413
957 1423
957 1432
957 1438
957 1459
957 1462
957 1475
957 1479
957 1550
957 1573
957 1576
957 1578
957 1583
957 1591
957 1596
957 1611
957 1628
957 1636
957 1655
957 1691
957 1715
957 1716
957 1732
957 1764
957 1857
957 1859
957 1873
957 1899
958 1097
958 1118
958 1137
958 1186
958 1216
958 1232
958 1319
958 1333
958 1371
958 1452
958 1468
958 1493
958 1533
958 1548
958 1601
958 1648
958 1733
958 1787
958 1798
958 1837
958 1880
958 1895
959 960
959 972
959 983
959 1006
959 1029
959 1039
959 1040
959 1063
959 1069
959 1078
959 1107
959 1132
959 1153
959 1160
959 1163
959 1199
959 1201
959 1205
959 1207
959 1238
959 1256
959 1271
959 1285
959 1288
959 1330
959 1359
959 1370
959 1380
959 1391
959 1402
959 1409
959 1447
959 1456
959 1457
959 1483
959 1519
959 1551
959 1598
959 1604
959 1619
959 1663
959 1809
959 1832
959 1868
959 1898
960 966
960 972
960 982
960 997
960 998
960 1006
960 1017
960 1024
960 1040
960 1059
960 1068
960 1069
960 1078
960 1083
960 1086
960 1091
960 1101
960 1107
960 1123
960 1125
960 1126
960 1130
960 1132
960 1153
960 1156
960 1163
960 1175
960 1199
960 1207
960 1211
960 1214
960 1238
960 1256
960 1271
960 1272
960 1285
960 1287
960 1288
960 1289
960 1291
960 1302
960 1305
960 1331
960 1336
960 1370
960 1388
960 1390
960 1398
960 1399
960 1409
960 1431
960 1447
960 1449
960 1456
960 1471
960 1480
960 1488
960 1519
960 1527
960 1542
960 1547
960 1551
960 1559
960 1571
960 1584
960 1598
960 1603
960 1604
960 1610
960 1612
960 1613
960 1617
960 1619
960 1622
960 1652
960 1663
960 1665
960 1668
960 1707
960 1712
960 1714
960 1736
960 1789
960 1793
960 1799
960 1800
960 1804
960 1809
960 1816
960 1823
960 1827
960 1832
960 1833
960 1839
960 1863
960 1879
960 1888
960 1898
961 1038
961 1087
961 1088
961 1197
961 1283
961 1301
961 1327
961 1505
961 1688
961 1780
961 1852
962 1064
962 1095
962 1142
962 1210
962 1212
962 1234
962 1235
962 1294
962 1425
962 1453
962 1487
962 1545
962 1549
962 1574
962 1671
962 1677
962 1743
962 1778
962 1831
962 1844
962 1910
963 992
963 1097
963 1118
963 1137
963 1216
963 1232
963 1314
963 1319
963 1333
963 1363
963 1371
963 1378
963 1452
963 1468
963 1493
963 1533
963 1548
963 1568
963 1601
963 1629
963 1648
963 1733
963 1747
963 1787
963 1798
963 1802
963 1837
963 1880
963 1895
964 1005
964 1041
964 1062
964 1089
964 1109
964 1213
964 1259
964 1278
964 1311
964 1373
964 1415
964 1428
964 1469
964 1482
964 1507
964 1624
964 1664
964 1667
964 1672
964 1725
964 1739
964 1783
964 1876
964 1904
965 986
965 1052
965 1070
965 1188
965 1225
965 1275
965 1299
965 1304
965 1500
965 1536
965 1634
965 1686
965 1703
966 978
966 982
966 983
966 999
966 1006
966 1017
966 1024
966 1040
966 1078
966 1083
966 1086
966 1101
966 1107
966 1117
966 1125
966 1126
966 1130
966 1132
966 1153
966 1163
966 1172
966 1181
966 1184
966 1185
966 1191
966 1199
966 1211
966 1219
966 1222
966 1230
966 1238
966 1256
966 1271
966 1285
966 1288
966 1289
966 1291
966 1302
966 1305
966 1330
966 1331
966 1335
966 1336
966 1341
966 1351
966 1352
966 1361
966 1367
966 1370
966 1380
966 1390
966 1399
966 1416
966 1431
966 1449
966 1456
966 1457
966 1471
966 1488
966 1491
966 1516
966 1522
966 1547
966 1556
966 1559
966 1572
966 1584
966 1589
966 1605
966 1610
966 1619
966 1621
966 1652
966 1662
966 1663
966 1665
966 1668
966 1707
966 1714
966 1717
966 1721
966 1730
966 1736
966 1737
966 1746
966 1757
966 1789
966 1793
966 1799
966 1800
966 1804
966 1809
966 1810
966 1813
966 1816
966 1821
966 1823
966 1826
966 1827
966 1832
966 1833
966 1839
966 1849
966 1864
966 1868
966 1879
966 1886
966 1888
966 1898
966 1902
967 980
967 993
967 1003
967 1026
967 1047
967 1048
967 1049
967 1054
967 1076
967 1092
967 1110
967 1112
967 1124
967 1126
967 1146
967 1149
967 1175
967 1182
967 1195
967 1230
967 1238
967 1243
967 1250
967 1255
967 1265
967 1272
967 1290
967 1293
967 1305
967 1312
967 1329
967 1334
967 1352
967 1361
967 1365
967 1367
967 1369
967 1376
967 1377
967 1390
967 1402
967 1405
967 1420
967 1431
967 1441
967 1467
967 1480
967 1484
967 1485
967 1509
967 1516
967 1520
967 1522
967 1523
967 1524
967 1528
967 1554
967 1557
967 1559
967 1563
967 1570
967 1584
967 1589
967 1590
967 1603
967 1604
967 1614
967 1621
967 1622
967 1626
967 1637
967 1659
967 1663
967 1675
967 1685
967 1688
967 1689
967 1717
967 1721
967 1730
967 1734
967 1752
967 1753
967 1768
967 1772
967 1774
967 1782
967 1791
967 1796
967 1800
967 1813
967 1827
967 1833
967 1835
967 1843
967 1845
967 1867
967 1888
967 1891
968 999
968 1052
968 1054
968 1062
968 1110
968 1172
968 1183
968 1217
968 1334
968 1343
968 1364
968 1429
968 1435
968 1436
968 1444
968 1487
968 1523
968 1536
968 1540
968 1584
968 1630
968 1658
968 1696
968 1699
968 1711
968 1738
968 1794
968 1807
968 1814
968 1818
968 1827
968 1897
969 1014
969 1032
969 1081
969 1099
969 1108
969 1170
969 1261
969 1282
969 1303
969 1396
969 1406
969 1451
969 1502
969 1573
969 1704
969 1729
969 1732
969 1742
969 1751
969 1783
969 1786
969 1794
969 1820
969 1824
969 1871
969 1894
970 1033
970 1073
970 1307
970 1360
970 1433
970 1511
970 1555
970 1567
970 1615
970 1687
970 1806
970 1825
970 1847
970 1866
971 984
971 1014
971 1020
971 1032
971 1158
971 1204
971 1215
971 1241
971 1247
971 1273
971 1282
971 1347
971 1429
971 1489
971 1495
971 1502
971 1503
971 1591
971 1649
971 1704
971 1706
971 1729
971 1732
971 1783
971 1786
971 1794
971 1850
971 1871
972 983
972 1006
972 1040
972 1069
972 1101
972 1117
972 1238
972 1256
972 1285
972 1288
972 1359
972 1431
972 1488
972 1736
972 1809
972 1868
972 1900
973 990
973 1150
973 1178
973 1272
973 1321
973 1327
973 1369
973 1461
973 1505
973 1561
973 1597
973 1626
973 1656
973 1702
973 1863
973 1883
974 1000
974 1010
974 1127
974 1134
974 1228
974 1236
974 1366
974 1640
974 1703
975 981
975 988
975 1060
975 1104
975 1129
975 1192
975 1204
975 1227
975 1231
975 1235
975 1277
975 1279
975 1292
975 1298
975 1322
975 1345
975 1347
975 1379
975 1404
975 1423
975 1426
975 1438
975 1448
975 1459
975 1462
975 1473
975 1475
975 1479
975 1502
975 1573
975 1576
975 1583
975 1587
975 1591
975 1596
975 1611
975 1628
975 1636
975 1655
975 1680
975 1682
975 1716
975 1786
975 1841
975 1857
975 1862
975 1872
975 1873
975 1899
975 1903
976 1122
976 1349
976 1358
976 1374
976 1514
976 1574
976 1616
976 1645
976 1677
976 1679
976 1692
976 1743
976 1801
976 1878
976 1882
977 986
977 1011
977 1041
977 1072
977 1131
977 1169
977 1189
977 1225
977 1249
977 1258
977 1260
977 1304
977 1306
977 1338
977 1348
977 1428
977 1482
977 1624
977 1703
977 1709
977 1748
977 1756
977 1815
977 1831
978 980
978 993
978 1017
978 1047
978 1076
978 1086
978 1117
978 1124
978 1126
978 1132
978 1146
978 1184
978 1185
978 1191
978 1198
978 1199
978 1205
978 1209
978 1222
978 1243
978 1255
978 1269
978 1272
978 1274
978 1305
978 1323
978 1329
978 1330
978 1331
978 1351
978 1352
978 1367
978 1376
978 1377
978 1389
978 1391
978 1399
978 1431
978 1435
978 1439
978 1440
978 1471
978 1484
978 1488
978 1491
978 1509
978 1516
978 1520
978 1522
978 1535
978 1537
978 1547
978 1551
978 1554
978 1557
978 1559
978 1589
978 1603
978 1609
978 1610
978 1612
978 1613
978 1621
978 1622
978 1623
978 1626
978 1643
978 1662
978 1663
978 1669
978 1685
978 1707
978 1717
978 1721
978 1730
978 1734
978 1746
978 1750
978 1757
978 1768
978 1791
978 1793
978 1800
978 1804
978 1811
978 1813
978 1819
978 1827
978 1833
978 1835
978 1839
978 1842
978 1849
978 1874
978 1888
978 1891
978 1902
978 1909
979 1016
979 1138
979 1177
979 1218
979 1403
979 1499
979 1562
979 1889
980 993
980 995
980 1017
980 1026
980 1047
980 1048
980 1049
980 1074
980 1078
980 1079
980 1086
980 1116
980 1124
980 1126
980 1128
980 1146
980 1164
980 1175
980 1182
980 1185
980 1191
980 1195
980 1199
980 1209
980 1211
980 1222
980 1230
980 1239
980 1242
980 1243
980 1267
980 1269
980 1272
980 1290
980 1305
980 1312
980 1323
980 1329
980 1331
980 1334
980 1344
980 1351
980 1352
980 1361
980 1367
980 1376
980 1377
980 1393
980 1399
980 1422
980 1431
980 1449
980 1460
980 1467
980 1484
980 1491
980 1516
980 1520
980 1547
980 1551
980 1554
980 1557
980 1559
980 1563
980 1570
980 1584
980 1589
980 1603
980 1608
980 1610
980 1612
980 1613
980 1621
980 1622
980 1632
980 1637
980 1643
980 1644
980 1659
980 1662
980 1663
980 1669
980 1675
980 1683
980 1685
980 1689
980 1707
980 1714
980 1717
980 1721
980 1730
980 1734
980 1746
980 1750
980 1753
980 1761
980 1765
980 1768
980 1774
980 1775
980 1782
980 1793
980 1795
980 1800
980 1804
980 1813
980 1823
980 1827
980 1833
980 1835
980 1839
980 1842
980 1845
980 1861
980 1874
980 1879
980 1888
980 1891
980 1902
981 988
981 1036
981 1044
981 1060
981 1067
981 1100
981 1104
981 1120
981 1129
