981 1192
981 1204
981 1227
981 1231
981 1235
981 1257
981 1279
981 1292
981 1298
981 1322
981 1347
981 1379
981 1404
981 1426
981 1438
981 1448
981 1459
981 1462
981 1475
981 1479
981 1502
981 1573
981 1583
981 1587
981 1596
981 1611
981 1636
981 1691
981 1786
981 1857
981 1862
981 1872
981 1899
982 983
982 998
982 1006
982 1017
982 1029
982 1040
982 1056
982 1078
982 1083
982 1101
982 1125
982 1126
982 1132
982 1153
982 1163
982 1199
982 1207
982 1211
982 1256
982 1269
982 1271
982 1288
982 1291
982 1302
982 1331
982 1336
982 1346
982 1370
982 1380
982 1390
982 1391
982 1399
982 1409
982 1456
982 1457
982 1488
982 1491
982 1516
982 1522
982 1537
982 1547
982 1589
982 1598
982 1604
982 1610
982 1619
982 1663
982 1668
982 1712
982 1714
982 1730
982 1736
982 1754
982 1800
982 1809
982 1821
982 1833
982 1839
982 1845
982 1856
982 1864
982 1888
982 1898
983 1006
983 1040
983 1063
983 1069
983 1078
983 1083
983 1086
983 1101
983 1107
983 1125
983 1153
983 1156
983 1163
983 1199
983 1211
983 1238
983 1256
983 1271
983 1285
983 1288
983 1289
983 1331
983 1336
983 1341
983 1370
983 1380
983 1390
983 1399
983 1402
983 1409
983 1456
983 1457
983 1488
983 1542
983 1547
983 1619
983 1662
983 1665
983 1668
983 1707
983 1712
983 1736
983 1791
983 1793
983 1809
983 1810
983 1832
983 1833
983 1839
983 1845
983 1849
983 1864
983 1868
983 1879
983 1888
983 1898
984 1014
984 1020
984 1032
984 1066
984 1099
984 1102
984 1166
984 1192
984 1204
984 1215
984 1245
984 1261
984 1273
984 1282
984 1373
984 1382
984 1396
984 1459
984 1495
984 1502
984 1582
984 1591
984 1649
984 1661
984 1706
984 1729
984 1742
984 1783
984 1786
984 1820
984 1828
984 1871
984 1893
984 1894
985 1000
985 1090
985 1127
985 1304
985 1634
985 1840
986 1225
986 1236
986 1299
986 1304
986 1308
986 1355
986 1536
986 1634
987 1177
987 1240
987 1371
987 1758
987 1794
988 1019
988 1100
988 1104
988 1190
988 1192
988 1204
988 1221
988 1227
988 1231
988 1235
988 1277
988 1279
988 1298
988 1303
988 1322
988 1345
988 1347
988 1426
988 1438
988 1448
988 1459
988 1462
988 1479
988 1515
988 1573
988 1576
988 1583
988 1591
988 1596
988 1628
988 1636
988 1655
988 1715
988 1720
988 1873
988 1893
988 1899
989 1009
989 1014
989 1019
989 1044
989 1067
989 1082
989 1104
989 1158
989 1227
989 1231
989 1235
989 1277
989 1322
989 1345
989 1413
989 1432
989 1462
989 1573
989 1583
989 1628
989 1647
989 1655
989 1661
989 1680
989 1716
989 1720
989 1728
989 1729
989 1751
989 1824
989 1857
989 1875
989 1899
990 1419
990 1450
990 1505
990 1534
990 1656
990 1666
990 1674
990 1678
990 1684
990 1726
990 2678
990 2760
990 2822
990 2883
990 2941
990 2968
990 3005
990 3057
990 3136
990 3164
990 3222
990 3245
990 3248
990 3263
990 3278
990 3328
990 3361
991 1034
991 1165
991 1177
991 1283
991 1312
991 1317
991 1467
991 1505
991 1561
991 1590
991 1641
991 1701
991 1726
991 1750
991 1846
992 1097
992 1118
992 1216
992 1314
992 1333
992 1363
992 1371
992 1378
992 1424
992 1452
992 1468
992 1533
992 1548
992 1568
992 1601
992 1629
992 1648
992 1733
992 1747
992 1784
992 1787
992 1798
992 1837
992 1880
992 1895
993 1006
993 1026
993 1028
993 1048
993 1059
993 1076
993 1079
993 1086
993 1101
993 1110
993 1117
993 1122
993 1126
993 1128
993 1135
993 1146
993 1149
993 1172
993 1175
993 1182
993 1184
993 1185
993 1191
993 1195
993 1199
993 1205
993 1209
993 1211
993 1214
993 1243
993 1255
993 1256
993 1267
993 1269
993 1287
993 1289
993 1290
993 1291
993 1302
993 1312
993 1329
993 1330
993 1335
993 1341
993 1352
993 1359
993 1361
993 1376
993 1377
993 1389
993 1390
993 1391
993 1399
993 1407
993 1409
993 1420
993 1431
993 1447
993 1460
993 1467
993 1470
993 1471
993 1484
993 1491
993 1509
993 1513
993 1516
993 1522
993 1530
993 1535
993 1539
993 1551
993 1554
993 1557
993 1559
993 1580
993 1584
993 1589
993 1590
993 1597
993 1598
993 1600
993 1603
993 1604
993 1608
993 1609
993 1612
993 1613
993 1617
993 1620
993 1621
993 1622
993 1632
993 1637
993 1639
993 1643
993 1659
993 1662
993 1663
993 1669
993 1675
993 1683
993 1685
993 1688
993 1689
993 1714
993 1717
993 1721
993 1730
993 1734
993 1735
993 1746
993 1750
993 1753
993 1757
993 1761
993 1768
993 1772
993 1791
993 1793
993 1796
993 1799
993 1800
993 1804
993 1813
993 1823
993 1827
993 1833
993 1835
993 1839
993 1842
993 1849
993 1851
993 1864
993 1867
993 1877
993 1886
993 1888
993 1891
993 1902
994 1009
994 1021
994 1067
994 1159
994 1192
994 1217
994 1235
994 1258
994 1366
994 1426
994 1427
994 1435
994 1448
994 1459
994 1473
994 1479
994 1492
994 1525
994 1569
994 1573
994 1584
994 1630
994 1658
994 1807
994 1818
995 997
995 1029
995 1074
995 1083
995 1084
995 1160
995 1171
995 1173
995 1180
995 1201
995 1205
995 1214
995 1219
995 1238
995 1239
995 1243
995 1265
995 1271
995 1274
995 1280
995 1323
995 1330
995 1331
995 1334
995 1352
995 1361
995 1377
995 1388
995 1409
995 1419
995 1431
995 1447
995 1458
995 1460
995 1461
995 1470
995 1483
995 1488
995 1517
995 1519
995 1535
995 1540
995 1551
995 1553
995 1554
995 1559
995 1570
995 1580
995 1620
995 1651
995 1665
995 1722
995 1730
995 1741
995 1768
995 1809
995 1813
995 1826
995 1861
995 1868
996 1087
996 1505
996 1860
997 1006
997 1024
997 1029
997 1056
997 1083
997 1101
997 1117
997 1124
997 1125
997 1132
997 1146
997 1153
997 1160
997 1163
997 1172
997 1173
997 1180
997 1191
997 1199
997 1201
997 1205
997 1214
997 1222
997 1238
997 1243
997 1255
997 1256
997 1267
997 1280
997 1323
997 1330
997 1331
997 1336
997 1359
997 1361
997 1377
997 1388
997 1389
997 1391
997 1402
997 1409
997 1447
997 1456
997 1470
997 1471
997 1480
997 1483
997 1509
997 1517
997 1520
997 1535
997 1551
997 1559
997 1563
997 1570
997 1571
997 1580
997 1604
997 1605
997 1608
997 1609
997 1610
997 1613
997 1620
997 1622
997 1637
997 1663
997 1665
997 1668
997 1669
997 1675
997 1712
997 1722
997 1730
997 1741
997 1768
997 1772
997 1791
997 1793
997 1804
997 1809
997 1811
997 1813
997 1835
997 1842
997 1861
997 1868
997 1888
997 1898
997 1902
998 1029
998 1173
998 1330
998 1346
998 1537
998 1722
999 1006
999 1017
999 1059
999 1068
999 1076
999 1078
999 1079
999 1092
999 1124
999 1125
999 1126
999 1132
999 1172
999 1181
999 1184
999 1185
999 1199
999 1211
999 1222
999 1230
999 1291
999 1335
999 1351
999 1352
999 1361
999 1367
999 1376
999 1399
999 1416
999 1431
999 1437
999 1439
999 1471
999 1491
999 1516
999 1530
999 1532
999 1538
999 1547
999 1551
999 1554
999 1584
999 1589
999 1603
999 1612
999 1617
999 1621
999 1652
999 1653
999 1669
999 1707
999 1714
999 1721
999 1737
999 1746
999 1750
999 1752
999 1757
999 1799
999 1800
999 1804
999 1810
999 1821
999 1823
999 1827
999 1833
999 1839
999 1842
999 1864
999 1879
999 1888
1000 1010
1000 1127
1000 1134
1000 1228
1000 1304
1000 1474
1000 1640
1000 1667
1000 1703
1000 1725
1000 1759
1000 1840
1001 1080
1001 1095
1001 1114
1001 1124
1001 1155
1001 1179
1001 1180
1001 1207
1001 1217
1001 1237
1001 1349
1001 1352
1001 1357
1001 1358
1001 1374
1001 1397
1001 1422
1001 1427
1001 1487
1001 1506
1001 1512
1001 1536
1001 1542
1001 1543
1001 1616
1001 1673
1001 1692
1001 1740
1001 1767
1001 1844
1002 1105
1002 1208
1002 1890
1003 1004
1003 1054
1003 1059
1003 1075
1003 1076
1003 1079
1003 1086
1003 1112
1003 1126
1003 1175
1003 1184
1003 1191
1003 1242
1003 1250
1003 1255
1003 1272
1003 1293
1003 1305
1003 1331
1003 1339
1003 1340
1003 1352
1003 1367
1003 1376
1003 1380
1003 1390
1003 1391
1003 1416
1003 1420
1003 1431
1003 1435
1003 1480
1003 1484
1003 1488
1003 1513
1003 1516
1003 1520
1003 1523
1003 1539
1003 1540
1003 1557
1003 1559
1003 1563
1003 1589
1003 1597
1003 1598
1003 1600
1003 1612
1003 1613
1003 1614
1003 1618
1003 1622
1003 1623
1003 1637
1003 1639
1003 1641
1003 1644
1003 1652
1003 1653
1003 1659
1003 1662
1003 1663
1003 1683
1003 1689
1003 1707
1003 1712
1003 1717
1003 1721
1003 1724
1003 1737
1003 1741
1003 1746
1003 1750
1003 1752
1003 1765
1003 1779
1003 1789
1003 1795
1003 1799
1003 1800
1003 1809
1003 1816
1003 1819
1003 1827
1003 1835
1003 1843
1003 1851
1003 1867
1003 1877
1003 1888
1004 1017
1004 1059
1004 1076
1004 1078
1004 1079
1004 1091
1004 1092
1004 1101
1004 1112
1004 1128
1004 1146
1004 1149
1004 1163
1004 1181
1004 1184
1004 1185
1004 1198
1004 1199
1004 1209
1004 1211
1004 1242
1004 1250
1004 1267
1004 1287
1004 1289
1004 1290
1004 1291
1004 1302
1004 1330
1004 1331
1004 1335
1004 1339
1004 1344
1004 1352
1004 1367
1004 1375
1004 1390
1004 1391
1004 1399
1004 1416
1004 1420
1004 1431
1004 1435
1004 1437
1004 1467
1004 1471
1004 1480
1004 1491
1004 1516
1004 1522
1004 1523
1004 1524
1004 1532
1004 1538
1004 1539
1004 1547
1004 1554
1004 1557
1004 1559
1004 1584
1004 1589
1004 1597
1004 1598
1004 1600
1004 1603
1004 1610
1004 1612
1004 1617
1004 1620
1004 1621
1004 1622
1004 1623
1004 1632
1004 1643
1004 1644
1004 1652
1004 1653
1004 1659
1004 1662
1004 1663
1004 1683
1004 1688
1004 1689
1004 1707
1004 1714
1004 1717
1004 1721
1004 1730
1004 1735
1004 1736
1004 1741
1004 1746
1004 1750
1004 1752
1004 1757
1004 1789
1004 1795
1004 1796
1004 1799
1004 1800
1004 1804
1004 1810
1004 1816
1004 1819
1004 1827
1004 1833
1004 1835
1004 1842
1004 1849
1004 1867
1004 1877
1004 1879
1004 1886
1004 1888
1005 1089
1005 1213
1005 1259
1005 1415
1005 1469
1005 1504
1005 1507
1005 1624
1005 1667
1005 1672
1005 1725
1005 1783
1006 1017
1006 1024
1006 1039
1006 1040
1006 1059
1006 1063
1006 1069
1006 1078
1006 1083
1006 1086
1006 1091
1006 1101
1006 1107
1006 1123
1006 1124
1006 1125
1006 1126
1006 1130
1006 1132
1006 1153
1006 1156
1006 1163
1006 1172
1006 1175
1006 1191
1006 1199
1006 1201
1006 1207
1006 1211
1006 1214
1006 1219
1006 1222
1006 1230
1006 1238
1006 1242
1006 1256
1006 1271
1006 1285
1006 1287
1006 1288
1006 1289
1006 1293
1006 1302
1006 1331
1006 1335
1006 1336
1006 1341
1006 1351
1006 1352
1006 1361
1006 1367
1006 1370
1006 1376
1006 1380
1006 1388
1006 1390
1006 1391
1006 1398
1006 1399
1006 1402
1006 1431
1006 1437
1006 1449
1006 1456
1006 1471
1006 1480
1006 1488
1006 1516
1006 1522
1006 1530
1006 1542
1006 1547
1006 1551
1006 1556
1006 1559
1006 1584
1006 1598
1006 1600
1006 1603
1006 1604
1006 1605
1006 1610
1006 1612
1006 1613
1006 1619
1006 1621
1006 1662
1006 1663
1006 1665
1006 1668
1006 1683
1006 1702
1006 1707
1006 1712
1006 1714
1006 1717
1006 1730
1006 1736
1006 1741
1006 1746
1006 1768
1006 1789
1006 1791
1006 1793
1006 1795
1006 1799
1006 1800
1006 1804
1006 1809
1006 1810
1006 1813
1006 1816
1006 1821
1006 1823
1006 1826
1006 1827
1006 1833
1006 1835
1006 1839
1006 1842
1006 1845
1006 1849
1006 1864
1006 1868
1006 1874
1006 1879
1006 1888
1006 1898
1006 1900
1006 1902
1007 1021
1007 1067
1007 1070
1007 1104
1007 1170
1007 1303
1007 1393
1007 1426
1007 1429
1007 1531
1007 1573
1007 1661
1008 1073
1008 1337
1008 1357
1008 1505
1008 1674
1008 1708
1008 1911
1009 1014
1009 1015
1009 1021
1009 1036
1009 1044
1009 1060
1009 1066
1009 1067
1009 1082
1009 1100
1009 1104
1009 1148
1009 1158
1009 1204
1009 1227
1009 1229
1009 1235
1009 1257
1009 1261
1009 1277
1009 1284
1009 1322
1009 1324
1009 1345
1009 1381
1009 1392
1009 1404
1009 1423
1009 1459
1009 1475
1009 1573
1009 1583
1009 1592
1009 1596
1009 1611
1009 1628
1009 1635
1009 1636
1009 1655
1009 1680
1009 1691
1009 1716
1009 1720
1009 1729
1009 1786
1009 1790
1009 1850
1009 1857
1009 1862
1009 1872
1009 1893
1009 1899
1009 1903
1010 1035
1010 1037
1010 1051
1010 1070
1010 1134
1010 1141
1010 1159
1010 1170
1010 1228
1010 1275
1010 1304
1010 1308
1010 1366
1010 1412
1010 1472
1010 1496
1010 1500
1010 1525
1010 1529
1010 1549
1010 1633
1010 1640
1010 1650
1010 1667
1010 1703
1010 1709
1010 1725
1010 1770
1010 1781
1010 1785
1010 1828
1011 1037
1011 1041
1011 1052
1011 1070
1011 1072
1011 1109
1011 1131
1011 1169
1011 1189
1011 1249
1011 1258
1011 1259
1011 1260
1011 1338
1011 1348
1011 1469
1011 1472
1011 1482
1011 1504
1011 1541
1011 1624
1011 1703
1011 1709
1011 1748
1011 1756
1011 1770
1011 1815
1011 1904
1012 1074
1012 1075
1012 1113
1012 1114
1012 1155
1012 1223
1012 1237
1012 1318
1012 1320
1012 1358
1012 1400
1012 1407
1012 1436
1012 1616
1012 1692
1012 1699
1012 1770
1012 1778
1012 1844
1012 1881
1012 1882
1012 1886
1013 1035
1013 1109
1013 1385
1013 1465
1013 1549
1013 1574
1013 1713
1013 1777
1014 1015
1014 1018
1014 1020
1014 1032
1014 1036
1014 1066
1014 1067
1014 1099
1014 1100
1014 1102
1014 1104
1014 1108
1014 1129
1014 1158
1014 1166
1014 1192
1014 1204
1014 1215
1014 1227
1014 1231
1014 1235
1014 1241
1014 1245
1014 1257
1014 1261
1014 1273
1014 1277
1014 1281
1014 1282
1014 1286
1014 1292
1014 1303
1014 1309
1014 1316
1014 1322
1014 1324
1014 1345
1014 1347
1014 1373
1014 1381
1014 1382
1014 1392
1014 1396
1014 1406
1014 1423
1014 1451
1014 1454
1014 1459
1014 1462
1014 1473
1014 1495
1014 1502
1014 1508
1014 1515
1014 1573
1014 1582
1014 1583
1014 1592
1014 1595
1014 1611
1014 1636
1014 1638
1014 1655
1014 1661
1014 1706
1014 1725
1014 1729
1014 1732
1014 1742
1014 1751
1014 1783
1014 1786
1014 1812
1014 1820
1014 1824
1014 1828
1014 1848
1014 1857
1014 1871
1014 1872
1014 1875
1014 1893
1014 1894
1014 1899
1014 1907
1015 1021
1015 1044
1015 1100
1015 1104
1015 1120
1015 1129
1015 1192
1015 1229
1015 1231
1015 1235
1015 1277
1015 1298
1015 1315
1015 1322
1015 1345
1015 1423
1015 1459
1015 1462
1015 1479
1015 1495
1015 1576
1015 1583
1015 1592
1015 1628
1015 1636
1015 1655
1015 1682
1015 1715
1015 1857
1015 1884
1015 1899
1015 1903
1016 1138
1016 1177
1016 1218
1016 1403
1016 1499
1016 1889
1017 1024
1017 1028
1017 1059
1017 1074
1017 1076
1017 1078
1017 1092
1017 1101
1017 1117
1017 1123
1017 1124
1017 1125
1017 1126
1017 1128
1017 1130
1017 1132
1017 1149
1017 1153
1017 1156
1017 1163
1017 1181
1017 1184
1017 1185
1017 1187
1017 1198
1017 1199
1017 1211
1017 1219
1017 1222
1017 1230
1017 1250
1017 1267
1017 1269
1017 1287
1017 1289
1017 1291
1017 1293
1017 1302
1017 1330
1017 1331
1017 1335
1017 1336
1017 1341
1017 1351
1017 1352
1017 1361
1017 1367
1017 1370
1017 1375
1017 1380
1017 1390
1017 1391
1017 1398
1017 1399
1017 1401
1017 1416
1017 1420
1017 1431
1017 1437
1017 1449
1017 1456
1017 1457
1017 1467
1017 1471
1017 1480
1017 1491
1017 1501
1017 1516
1017 1522
1017 1530
1017 1547
1017 1551
1017 1554
1017 1557
1017 1563
1017 1584
1017 1589
1017 1597
1017 1598
1017 1603
1017 1604
1017 1605
1017 1610
1017 1612
1017 1614
1017 1617
1017 1621
1017 1622
1017 1623
1017 1632
1017 1652
1017 1653
1017 1662
1017 1663
1017 1665
1017 1668
1017 1669
1017 1683
1017 1685
1017 1707
1017 1712
1017 1714
1017 1721
1017 1730
1017 1735
1017 1736
1017 1737
1017 1741
1017 1746
1017 1750
1017 1752
1017 1757
1017 1761
1017 1782
1017 1793
1017 1799
1017 1800
1017 1804
1017 1810
1017 1816
1017 1821
1017 1823
1017 1826
1017 1827
1017 1833
1017 1839
1017 1842
1017 1845
1017 1849
1017 1864
1017 1867
1017 1879
1017 1886
1017 1888
1017 1902
1017 1909
1018 1032
1018 1066
1018 1099
1018 1102
1018 1148
1018 1166
1018 1192
1018 1231
1018 1261
1018 1273
1018 1277
1018 1281
1018 1282
1018 1284
1018 1286
1018 1303
1018 1309
1018 1324
1018 1373
1018 1382
1018 1396
1018 1454
1018 1479
1018 1495
1018 1508
1018 1573
1018 1578
1018 1595
1018 1638
1018 1661
1018 1716
1018 1720
1018 1729
1018 1742
1018 1751
1018 1786
1018 1820
1018 1824
1018 1848
1018 1871
1018 1894
1018 1899
1018 1907
1019 1021
1019 1036
1019 1044
1019 1060
1019 1067
1019 1100
1019 1104
1019 1115
1019 1129
1019 1192
1019 1204
1019 1221
1019 1227
1019 1229
1019 1231
1019 1235
1019 1257
1019 1277
1019 1279
1019 1298
1019 1315
1019 1322
1019 1345
1019 1347
1019 1350
1019 1413
1019 1426
1019 1432
1019 1448
1019 1459
1019 1462
1019 1475
1019 1479
1019 1578
1019 1583
1019 1587
1019 1591
1019 1596
1019 1611
1019 1628
1019 1635
1019 1636
1019 1680
1019 1691
1019 1715
1019 1742
1019 1828
1019 1857
1019 1859
1019 1862
1019 1884
1019 1899
1020 1032
1020 1066
1020 1081
1020 1099
1020 1102
1020 1104
1020 1108
1020 1158
1020 1166
1020 1245
1020 1261
1020 1273
1020 1277
1020 1282
1020 1286
1020 1309
1020 1316
1020 1324
1020 1373
1020 1382
1020 1396
1020 1451
1020 1454
1020 1459
1020 1475
1020 1495
1020 1502
1020 1503
1020 1508
1020 1582
1020 1591
1020 1661
1020 1729
1020 1732
1020 1742
1020 1746
1020 1751
1020 1783
1020 1786
1020 1812
1020 1820
1020 1824
1020 1828
1020 1848
1020 1871
1020 1893
1020 1894
1021 1036
1021 1060
1021 1067
1021 1100
1021 1104
1021 1115
1021 1120
1021 1129
1021 1192
1021 1204
1021 1221
1021 1227
1021 1229
1021 1231
1021 1235
1021 1257
1021 1277
1021 1281
1021 1298
1021 1303
1021 1322
1021 1334
1021 1345
1021 1350
1021 1413
1021 1423
1021 1426
1021 1432
1021 1448
1021 1459
1021 1462
1021 1475
1021 1479
1021 1495
1021 1573
1021 1578
1021 1583
1021 1587
1021 1596
1021 1628
1021 1635
1021 1636
1021 1661
1021 1691
1021 1715
1021 1720
1021 1729
1021 1786
1021 1857
1021 1859
1021 1862
1021 1893
1021 1899
1021 1903
1022 1086
1022 1650
1023 1073
1023 1445
1023 1615
1023 1674
1023 1687
1023 1806
1023 1861
1024 1028
1024 1078
1024 1083
1024 1086
1024 1101
1024 1123
1024 1125
1024 1126
1024 1130
1024 1132
1024 1133
1024 1153
1024 1163
1024 1199
1024 1207
1024 1211
1024 1214
1024 1238
1024 1256
1024 1267
1024 1271
1024 1285
1024 1287
1024 1288
1024 1289
1024 1291
1024 1302
1024 1305
1024 1336
1024 1339
1024 1352
1024 1370
1024 1390
1024 1398
1024 1431
1024 1442
1024 1449
1024 1456
1024 1458
1024 1471
1024 1480
1024 1488
1024 1491
1024 1501
1024 1516
1024 1530
1024 1571
1024 1584
1024 1598
1024 1604
1024 1610
1024 1614
1024 1617
1024 1619
1024 1652
1024 1663
1024 1665
1024 1668
1024 1707
1024 1712
1024 1714
1024 1736
1024 1752
1024 1789
1024 1800
1024 1804
1024 1809
1024 1816
1024 1833
1024 1839
1024 1849
1024 1863
1024 1868
1024 1879
1024 1886
1024 1888
1024 1898
1024 1902
1025 1080
1025 1113
1025 1189
1025 1237
1025 1324
1025 1332
1025 1334
1025 1427
1025 1429
1025 1464
1025 1487
1025 1526
1025 1536
1025 1545
1025 1696
1025 1794
1025 1800
1025 1844
1025 1853
1025 1897
1025 1901
1026 1028
1026 1048
1026 1075
1026 1146
1026 1149
1026 1155
1026 1156
1026 1164
1026 1172
1026 1175
1026 1182
1026 1185
1026 1250
1026 1290
1026 1305
1026 1312
1026 1334
1026 1352
1026 1367
1026 1369
1026 1376
1026 1377
1026 1391
1026 1409
1026 1420
1026 1431
1026 1460
1026 1509
1026 1517
1026 1520
1026 1522
1026 1554
1026 1557
1026 1559
1026 1570
1026 1584
1026 1589
1026 1590
1026 1603
1026 1612
1026 1613
1026 1621
1026 1622
1026 1637
1026 1663
1026 1669
1026 1675
1026 1685
1026 1714
1026 1721
1026 1730
1026 1734
1026 1746
1026 1753
1026 1757
1026 1761
1026 1765
1026 1768
1026 1775
1026 1793
1026 1810
1026 1813
1026 1827
1026 1835
1026 1845
1026 1846
1026 1883
1026 1888
1026 1902
1027 1627
1027 1890
1028 1078
1028 1092
1028 1124
1028 1126
1028 1128
1028 1149
1028 1163
1028 1185
1028 1209
1028 1267
1028 1287
1028 1291
1028 1305
1028 1329
1028 1352
1028 1365
1028 1375
1028 1376
1028 1377
1028 1420
1028 1449
1028 1467
1028 1471
1028 1491
1028 1509
1028 1516
1028 1520
1028 1522
1028 1523
1028 1532
1028 1559
1028 1584
1028 1589
1028 1597
1028 1603
1028 1610
1028 1612
1028 1613
1028 1614
1028 1617
1028 1632
1028 1663
1028 1700
1028 1714
1028 1718
1028 1730
1028 1735
1028 1757
1028 1761
1028 1768
1028 1799
1028 1800
1028 1823
1028 1833
1028 1835
1028 1867
1028 1886
1028 1888
1029 1056
1029 1059
1029 1074
1029 1078
1029 1084
1029 1086
1029 1153
1029 1160
1029 1165
1029 1171
1029 1173
1029 1175
1029 1201
1029 1205
1029 1214
1029 1220
1029 1222
1029 1238
1029 1256
1029 1280
1029 1323
1029 1330
1029 1346
1029 1359
1029 1377
1029 1391
1029 1409
1029 1447
1029 1460
1029 1470
1029 1483
1029 1487
1029 1513
1029 1519
1029 1535
1029 1537
1029 1551
1029 1553
1029 1557
1029 1570
1029 1577
1029 1580
1029 1598
1029 1600
1029 1604
1029 1608
1029 1609
1029 1613
1029 1620
1029 1663
1029 1669
1029 1675
1029 1687
1029 1688
1029 1707
1029 1722
1029 1730
1029 1768
1029 1772
1029 1774
1029 1804
1029 1813
1029 1835
1029 1842
1029 1843
1029 1856
1029 1861
1029 1898
1029 1902
1030 1043
1030 1111
1030 1197
1030 1237
1030 1252
1030 1254
1030 1368
1030 1788
1031 1098
1031 1165
1031 1666
1032 1066
1032 1067
1032 1081
1032 1086
1032 1099
1032 1102
1032 1104
1032 1108
1032 1166
1032 1170
1032 1192
1032 1204
1032 1215
1032 1227
1032 1235
1032 1245
1032 1247
1032 1261
1032 1273
1032 1277
1032 1281
1032 1282
1032 1286
1032 1303
1032 1309
1032 1316
1032 1324
1032 1373
1032 1382
1032 1396
1032 1406
1032 1427
1032 1429
1032 1454
1032 1473
1032 1489
1032 1495
1032 1502
1032 1503
1032 1515
1032 1582
1032 1591
1032 1595
1032 1638
1032 1649
1032 1661
1032 1704
1032 1706
1032 1729
1032 1732
1032 1742
1032 1751
1032 1783
1032 1786
1032 1812
1032 1820
1032 1824
1032 1828
1032 1848
1032 1850
1032 1871
1032 1893
1032 1894
1032 1907
1033 1274
1033 1307
1033 1325
1033 1360
1033 1433
1033 1511
1033 1567
1033 1615
1033 1687
1033 1697
1033 1698
1033 1806
1033 1908
1034 1283
1035 1037
1035 1070
1035 1109
1035 1152
1035 1159
1035 1170
1035 1221
1035 1228
1035 1246
1035 1296
1035 1412
1035 1472
1035 1496
1035 1500
1035 1525
1035 1529
1035 1531
1035 1549
1035 1646
1035 1745
1035 1770
1035 1778
1036 1067
1036 1100
1036 1104
1036 1129
1036 1148
1036 1158
1036 1192
1036 1204
1036 1221
1036 1227
1036 1229
1036 1231
1036 1235
1036 1257
1036 1277
1036 1284
1036 1298
1036 1315
1036 1322
1036 1345
1036 1350
1036 1381
1036 1404
1036 1413
1036 1426
1036 1432
1036 1448
1036 1459
1036 1462
1036 1475
1036 1479
1036 1550
1036 1573
1036 1576
1036 1583
1036 1592
1036 1596
1036 1647
1036 1655
1036 1680
1036 1691
1036 1715
1036 1783
1036 1841
1036 1857
1036 1859
1036 1862
1036 1872
1036 1899
1037 1052
1037 1070
1037 1072
1037 1109
1037 1159
1037 1170
1037 1259
1037 1275
1037 1296
1037 1299
1037 1338
1037 1412
1037 1469
1037 1472
1037 1482
1037 1504
1037 1525
1037 1529
1037 1536
1037 1541
1037 1549
1037 1630
1037 1650
1037 1681
1037 1703
1037 1727
1037 1770
1037 1855
1037 1876
1037 1904
1038 1161
1038 1518
1038 1861
1039 1040
1039 1107
1039 1160
1039 1205
1039 1211
1039 1214
1039 1271
1039 1280
1039 1331
1039 1359
1039 1388
1039 1391
1039 1447
1039 1551
1039 1608
1039 1619
1039 1707
1039 1736
1039 1809
1039 1832
1039 1842
1039 1864
1039 1868
1039 1898
1040 1063
1040 1069
1040 1078
1040 1083
1040 1107
1040 1125
1040 1132
1040 1153
1040 1163
1040 1199
1040 1238
1040 1256
1040 1271
1040 1285
1040 1288
1040 1289
1040 1330
1040 1331
1040 1359
1040 1370
1040 1380
1040 1390
1040 1391
1040 1402
1040 1409
1040 1456
1040 1457
1040 1519
1040 1542
1040 1547
1040 1571
1040 1584
1040 1589
1040 1598
1040 1604
1040 1613
1040 1619
1040 1622
1040 1662
1040 1665
1040 1668
1040 1707
1040 1712
1040 1736
1040 1768
1040 1793
1040 1809
1040 1823
1040 1832
1040 1849
1040 1864
1040 1868
1040 1879
1040 1898
1040 1900
1040 1902
1041 1052
1041 1070
1041 1072
1041 1109
1041 1121
1041 1131
1041 1139
1041 1169
1041 1189
1041 1213
1041 1226
1041 1246
1041 1249
1041 1259
1041 1275
1041 1306
1041 1338
1041 1348
1041 1415
1041 1428
1041 1469
1041 1472
1041 1482
1041 1496
1041 1504
1041 1507
1041 1541
1041 1624
1041 1630
1041 1681
1041 1703
1041 1709
1041 1739
1041 1748
1041 1756
1041 1770
1041 1815
1041 1831
1041 1869
1041 1876
1041 1904
1042 1051
1042 1052
1042 1167
1042 1225
1042 1299
1042 1338
1042 1366
1042 1536
1042 1634
1042 1686
1042 1831
1042 1876
1043 1045
1043 1111
1043 1197
1043 1368
1043 1384
1043 1788
1043 1889
1043 1896
1044 1100
1044 1104
1044 1158
1044 1221
1044 1227
1044 1235
1044 1277
1044 1279
1044 1298
1044 1315
1044 1322
1044 1392
1044 1448
1044 1459
1044 1583
1044 1596
1044 1636
1044 1680
1044 1715
1044 1857
1044 1884
1045 1111
1045 1197
1045 1337
1045 1360
1045 1368
1045 1384
1045 1593
1045 1788
1046 1194
1046 1586
1047 1076
1047 1110
1047 1124
1047 1126
1047 1146
1047 1160
1047 1173
1047 1191
1047 1199
1047 1222
1047 1239
1047 1243
1047 1267
1047 1290
1047 1323
1047 1327
1047 1330
1047 1352
1047 1377
1047 1389
1047 1407
1047 1420
1047 1471
1047 1509
1047 1520
1047 1523
1047 1551
1047 1554
1047 1557
1047 1559
1047 1609
1047 1610
1047 1621
1047 1622
1047 1626
1047 1663
1047 1669
1047 1675
1047 1689
1047 1721
1047 1730
1047 1734
1047 1753
1047 1757
1047 1768
1047 1800
1047 1804
1047 1811
1047 1813
1047 1827
1047 1835
1047 1842
1047 1861
1047 1867
1047 1891
1047 1902
1047 1911
1048 1049
1048 1056
1048 1074
1048 1075
1048 1110
1048 1116
1048 1124
1048 1126
1048 1146
1048 1149
1048 1175
1048 1182
1048 1185
1048 1191
1048 1195
1048 1209
1048 1230
1048 1265
1048 1269
1048 1287
1048 1290
1048 1305
1048 1329
1048 1331
1048 1334
1048 1341
1048 1352
1048 1365
1048 1367
1048 1376
1048 1377
1048 1391
1048 1393
1048 1399
1048 1407
1048 1409
1048 1416
1048 1420
1048 1431
1048 1449
1048 1450
1048 1467
1048 1471
1048 1484
1048 1485
1048 1509
1048 1513
1048 1519
1048 1522
1048 1528
1048 1551
1048 1553
1048 1554
1048 1557
1048 1559
1048 1563
1048 1570
1048 1584
1048 1589
1048 1590
1048 1608
1048 1609
1048 1612
1048 1613
1048 1614
1048 1621
1048 1622
1048 1637
1048 1659
1048 1663
1048 1669
1048 1675
1048 1685
1048 1688
1048 1717
1048 1722
1048 1724
1048 1730
1048 1746
1048 1750
1048 1753
1048 1754
1048 1765
1048 1768
1048 1782
1048 1791
1048 1800
1048 1811
1048 1813
1048 1816
1048 1827
1048 1835
1048 1845
1048 1864
1048 1888
1049 1054
1049 1059
1049 1075
1049 1086
1049 1110
1049 1112
1049 1116
1049 1123
1049 1128
1049 1146
1049 1184
1049 1191
1049 1209
1049 1222
1049 1230
1049 1242
1049 1243
1049 1250
1049 1269
1049 1278
1049 1290
1049 1317
1049 1329
1049 1340
1049 1344
1049 1352
1049 1367
1049 1375
1049 1376
1049 1377
1049 1390
1049 1391
1049 1393
1049 1399
1049 1407
1049 1416
1049 1431
1049 1522
1049 1523
1049 1528
1049 1534
1049 1554
1049 1557
1049 1572
1049 1589
1049 1597
1049 1603
1049 1620
1049 1621
1049 1623
1049 1644
1049 1653
1049 1659
1049 1688
1049 1689
1049 1721
1049 1724
1049 1730
1049 1737
1049 1746
1049 1750
1049 1752
1049 1754
1049 1800
1049 1813
1049 1816
1049 1819
1049 1827
1049 1845
1049 1864
1049 1867
1049 1877
1049 1888
1050 1055
1050 1266
1050 1328
1050 1441
1050 1544
1050 1564
1050 1585
1050 1779
1050 1822
1050 1905
1051 1064
1051 1070
1051 1152
1051 1159
1051 1166
1051 1183
1051 1188
1051 1225
1051 1228
1051 1236
1051 1258
1051 1260
1051 1275
1051 1306
1051 1310
1051 1338
1051 1355
1051 1366
1051 1444
1051 1472
1051 1473
1051 1481
1051 1496
1051 1500
1051 1525
1051 1536
1051 1569
1051 1584
1051 1630
1051 1686
1051 1699
1051 1703
1051 1709
1051 1727
1051 1738
1051 1767
1051 1783
1051 1807
1051 1876
1052 1070
1052 1106
1052 1109
1052 1121
1052 1159
1052 1188
1052 1217
1052 1225
1052 1226
1052 1247
1052 1259
1052 1260
1052 1299
1052 1304
1052 1310
1052 1338
1052 1343
1052 1348
1052 1355
1052 1366
1052 1408
1052 1428
1052 1436
1052 1444
1052 1453
1052 1472
1052 1482
1052 1496
1052 1504
1052 1507
1052 1525
1052 1529
1052 1536
1052 1541
1052 1620
1052 1630
1052 1634
1052 1681
1052 1686
1052 1699
1052 1725
1052 1727
1052 1738
1052 1770
1052 1807
1052 1818
1052 1876
1052 1881
1052 1885
1052 1895
1052 1897
1053 1062
1053 1138
1053 1171
1053 1183
1053 1607
1053 1808
1053 1896
1054 1059
1054 1075
1054 1086
1054 1092
1054 1110
1054 1128
1054 1209
1054 1242
1054 1250
1054 1278
1054 1293
1054 1344
1054 1367
1054 1375
1054 1376
1054 1390
1054 1416
1054 1435
1054 1529
1054 1540
1054 1554
1054 1557
1054 1572
1054 1600
1054 1608
1054 1612
1054 1613
1054 1644
1054 1659
1054 1688
1054 1689
1054 1707
1054 1717
1054 1721
1054 1724
1054 1737
1054 1746
1054 1752
1054 1761
1054 1768
1054 1795
1054 1800
1054 1819
1054 1827
1054 1861
1055 1266
1055 1431
1055 1434
1055 1441
1055 1513
1055 1544
1055 1564
1055 1585
1055 1666
1055 1779
1055 1822
1055 1905
1056 1078
1056 1110
1056 1124
1056 1135
1056 1160
1056 1173
1056 1191
1056 1201
1056 1205
1056 1222
1056 1238
1056 1280
1056 1290
1056 1323
1056 1329
1056 1330
1056 1359
1056 1377
1056 1391
1056 1409
1056 1447
1056 1457
1056 1483
1056 1519
1056 1527
1056 1528
1056 1551
1056 1559
1056 1570
1056 1580
1056 1584
1056 1598
1056 1604
1056 1609
1056 1620
1056 1637
1056 1663
1056 1669
1056 1675
1056 1685
1056 1688
1056 1712
1056 1722
1056 1754
1056 1768
1056 1772
1056 1791
1056 1793
1056 1800
1056 1805
1056 1811
1056 1813
1056 1842
1056 1861
1056 1864
1056 1898
1056 1902
1057 1138
1057 1607
1057 1664
1058 1077
1058 1171
1058 1470
1058 1552
1058 1642
1059 1075
1059 1076
1059 1078
1059 1079
1059 1086
1059 1107
1059 1110
1059 1112
1059 1126
1059 1128
1059 1132
1059 1146
1059 1149
1059 1172
1059 1175
1059 1180
1059 1184
1059 1185
1059 1191
1059 1198
1059 1199
1059 1211
1059 1214
1059 1238
1059 1242
1059 1243
1059 1250
1059 1255
1059 1269
1059 1278
1059 1290
1059 1291
1059 1293
1059 1302
1059 1312
1059 1329
1059 1334
1059 1335
1059 1339
1059 1340
1059 1341
1059 1344
1059 1352
1059 1367
1059 1370
1059 1375
1059 1376
1059 1377
1059 1380
1059 1390
1059 1391
1059 1399
1059 1416
1059 1420
1059 1431
1059 1435
1059 1467
1059 1471
1059 1488
1059 1491
1059 1509
1059 1516
1059 1520
1059 1522
1059 1523
1059 1524
1059 1530
1059 1532
1059 1539
1059 1540
1059 1544
1059 1547
1059 1551
1059 1554
1059 1557
1059 1559
1059 1563
1059 1570
1059 1572
1059 1584
1059 1589
1059 1598
1059 1600
1059 1603
1059 1610
1059 1612
1059 1613
1059 1617
1059 1620
1059 1621
1059 1622
1059 1623
1059 1632
1059 1643
1059 1644
1059 1652
1059 1653
1059 1659
1059 1662
1059 1663
1059 1665
1059 1669
1059 1683
1059 1685
1059 1688
1059 1689
1059 1707
1059 1712
1059 1714
1059 1717
1059 1721
1059 1724
1059 1730
1059 1735
1059 1736
1059 1737
1059 1746
1059 1750
1059 1752
1059 1754
1059 1757
1059 1761
1059 1765
1059 1768
1059 1789
1059 1793
1059 1795
1059 1796
1059 1799
1059 1800
1059 1804
