1059 1810
1059 1816
1059 1819
1059 1823
1059 1827
1059 1833
1059 1835
1059 1839
1059 1849
1059 1851
1059 1867
1059 1877
1059 1879
1059 1886
1059 1888
1059 1891
1060 1067
1060 1086
1060 1100
1060 1104
1060 1148
1060 1152
1060 1158
1060 1204
1060 1227
1060 1229
1060 1235
1060 1257
1060 1277
1060 1298
1060 1322
1060 1347
1060 1373
1060 1423
1060 1426
1060 1432
1060 1459
1060 1475
1060 1479
1060 1515
1060 1573
1060 1576
1060 1578
1060 1591
1060 1596
1060 1628
1060 1636
1060 1661
1060 1715
1060 1716
1060 1728
1060 1742
1060 1859
1060 1893
1060 1899
1060 1903
1061 1136
1061 1144
1061 1174
1061 1325
1061 1328
1061 1494
1061 1676
1061 1687
1062 1183
1062 1223
1062 1226
1062 1343
1062 1357
1062 1435
1062 1436
1062 1444
1062 1469
1062 1540
1062 1630
1062 1696
1062 1699
1062 1739
1062 1783
1062 1794
1062 1876
1062 1896
1063 1069
1063 1083
1063 1101
1063 1238
1063 1256
1063 1285
1063 1288
1063 1359
1063 1370
1063 1431
1063 1488
1063 1736
1063 1768
1063 1809
1063 1868
1063 1900
1064 1094
1064 1202
1064 1212
1064 1234
1064 1342
1064 1343
1064 1356
1064 1372
1064 1443
1064 1453
1064 1473
1064 1478
1064 1497
1064 1566
1064 1596
1064 1671
1064 1694
1064 1743
1064 1829
1064 1831
1064 1901
1064 1910
1065 1739
1066 1080
1066 1082
1066 1099
1066 1102
1066 1108
1066 1148
1066 1158
1066 1166
1066 1192
1066 1204
1066 1245
1066 1261
1066 1277
1066 1281
1066 1282
1066 1303
1066 1306
1066 1309
1066 1316
1066 1324
1066 1347
1066 1373
1066 1382
1066 1392
1066 1396
1066 1406
1066 1451
1066 1454
1066 1459
1066 1473
1066 1495
1066 1504
1066 1508
1066 1515
1066 1582
1066 1595
1066 1638
1066 1661
1066 1716
1066 1729
1066 1732
1066 1742
1066 1783
1066 1786
1066 1812
1066 1820
1066 1824
1066 1828
1066 1848
1066 1871
1066 1875
1066 1893
1066 1894
1066 1907
1067 1081
1067 1082
1067 1100
1067 1104
1067 1115
1067 1148
1067 1192
1067 1204
1067 1227
1067 1229
1067 1231
1067 1235
1067 1257
1067 1277
1067 1279
1067 1284
1067 1292
1067 1298
1067 1322
1067 1345
1067 1347
1067 1379
1067 1404
1067 1413
1067 1423
1067 1426
1067 1432
1067 1438
1067 1448
1067 1459
1067 1462
1067 1475
1067 1479
1067 1515
1067 1550
1067 1573
1067 1576
1067 1583
1067 1587
1067 1591
1067 1592
1067 1596
1067 1611
1067 1628
1067 1636
1067 1647
1067 1655
1067 1661
1067 1680
1067 1682
1067 1691
1067 1715
1067 1716
1067 1824
1067 1841
1067 1857
1067 1859
1067 1871
1067 1873
1067 1893
1068 1086
1068 1153
1068 1156
1068 1160
1068 1163
1068 1181
1068 1207
1068 1211
1068 1238
1068 1256
1068 1271
1068 1280
1068 1331
1068 1365
1068 1370
1068 1390
1068 1436
1068 1456
1068 1457
1068 1488
1068 1571
1068 1580
1068 1598
1068 1604
1068 1613
1068 1619
1068 1620
1068 1622
1068 1644
1068 1660
1068 1662
1068 1665
1068 1707
1068 1712
1068 1736
1068 1768
1068 1793
1068 1809
1068 1823
1068 1832
1068 1839
1068 1849
1068 1881
1068 1888
1068 1898
1069 1101
1069 1238
1069 1285
1069 1288
1069 1302
1069 1431
1069 1488
1069 1621
1069 1736
1069 1809
1069 1868
1069 1900
1070 1109
1070 1110
1070 1152
1070 1159
1070 1170
1070 1183
1070 1188
1070 1213
1070 1225
1070 1228
1070 1236
1070 1258
1070 1259
1070 1260
1070 1275
1070 1296
1070 1303
1070 1306
1070 1310
1070 1338
1070 1348
1070 1355
1070 1366
1070 1412
1070 1427
1070 1429
1070 1446
1070 1448
1070 1469
1070 1472
1070 1473
1070 1482
1070 1496
1070 1500
1070 1504
1070 1507
1070 1525
1070 1529
1070 1531
1070 1536
1070 1549
1070 1624
1070 1630
1070 1633
1070 1634
1070 1672
1070 1686
1070 1699
1070 1703
1070 1709
1070 1738
1070 1745
1070 1760
1070 1770
1070 1781
1070 1815
1070 1828
1070 1869
1070 1876
1070 1897
1070 1904
1071 1202
1071 1253
1072 1121
1072 1169
1072 1189
1072 1226
1072 1259
1072 1348
1072 1428
1072 1472
1072 1482
1072 1504
1072 1507
1072 1541
1072 1624
1072 1681
1072 1709
1072 1756
1072 1815
1072 1847
1072 1904
1073 1307
1073 1325
1073 1528
1073 1806
1073 1861
1073 1908
1074 1078
1074 1084
1074 1107
1074 1116
1074 1171
1074 1173
1074 1185
1074 1191
1074 1199
1074 1211
1074 1219
1074 1222
1074 1230
1074 1269
1074 1329
1074 1331
1074 1341
1074 1376
1074 1393
1074 1399
1074 1407
1074 1409
1074 1437
1074 1460
1074 1465
1074 1470
1074 1483
1074 1519
1074 1522
1074 1551
1074 1553
1074 1554
1074 1570
1074 1577
1074 1617
1074 1620
1074 1662
1074 1685
1074 1707
1074 1730
1074 1736
1074 1754
1074 1768
1074 1793
1074 1813
1074 1839
1074 1842
1074 1845
1074 1849
1074 1861
1074 1864
1074 1888
1074 1902
1075 1076
1075 1086
1075 1110
1075 1112
1075 1123
1075 1128
1075 1146
1075 1175
1075 1184
1075 1209
1075 1222
1075 1242
1075 1243
1075 1250
1075 1278
1075 1290
1075 1340
1075 1344
1075 1352
1075 1367
1075 1376
1075 1377
1075 1390
1075 1407
1075 1416
1075 1460
1075 1513
1075 1520
1075 1522
1075 1523
1075 1528
1075 1539
1075 1554
1075 1557
1075 1572
1075 1597
1075 1600
1075 1609
1075 1614
1075 1620
1075 1621
1075 1637
1075 1644
1075 1659
1075 1688
1075 1717
1075 1724
1075 1730
1075 1737
1075 1746
1075 1752
1075 1754
1075 1765
1075 1768
1075 1791
1075 1795
1075 1800
1075 1813
1075 1816
1075 1819
1075 1827
1075 1845
1075 1861
1075 1864
1075 1867
1075 1870
1075 1877
1075 1888
1076 1078
1076 1079
1076 1083
1076 1086
1076 1092
1076 1124
1076 1126
1076 1132
1076 1146
1076 1149
1076 1156
1076 1163
1076 1175
1076 1181
1076 1184
1076 1185
1076 1198
1076 1199
1076 1211
1076 1222
1076 1242
1076 1243
1076 1250
1076 1256
1076 1267
1076 1290
1076 1323
1076 1329
1076 1330
1076 1331
1076 1335
1076 1339
1076 1340
1076 1341
1076 1344
1076 1352
1076 1361
1076 1367
1076 1375
1076 1376
1076 1377
1076 1390
1076 1391
1076 1399
1076 1416
1076 1420
1076 1431
1076 1447
1076 1451
1076 1467
1076 1480
1076 1485
1076 1491
1076 1509
1076 1516
1076 1520
1076 1522
1076 1523
1076 1530
1076 1532
1076 1539
1076 1551
1076 1554
1076 1557
1076 1559
1076 1563
1076 1584
1076 1589
1076 1597
1076 1600
1076 1605
1076 1610
1076 1612
1076 1613
1076 1617
1076 1621
1076 1622
1076 1623
1076 1632
1076 1637
1076 1643
1076 1644
1076 1652
1076 1653
1076 1659
1076 1662
1076 1663
1076 1669
1076 1675
1076 1683
1076 1689
1076 1700
1076 1714
1076 1717
1076 1721
1076 1735
1076 1736
1076 1737
1076 1741
1076 1746
1076 1750
1076 1752
1076 1753
1076 1761
1076 1768
1076 1795
1076 1796
1076 1799
1076 1800
1076 1804
1076 1810
1076 1811
1076 1813
1076 1816
1076 1819
1076 1827
1076 1833
1076 1835
1076 1839
1076 1842
1076 1849
1076 1861
1076 1867
1076 1877
1076 1879
1076 1888
1077 1165
1077 1171
1077 1202
1077 1337
1077 1465
1077 1577
1077 1642
1077 1702
1077 1858
1077 1863
1077 1866
1077 1911
1078 1079
1078 1083
1078 1086
1078 1092
1078 1101
1078 1107
1078 1117
1078 1124
1078 1125
1078 1126
1078 1132
1078 1146
1078 1149
1078 1153
1078 1156
1078 1160
1078 1163
1078 1172
1078 1173
1078 1175
1078 1181
1078 1184
1078 1185
1078 1191
1078 1198
1078 1199
1078 1211
1078 1214
1078 1219
1078 1222
1078 1230
1078 1238
1078 1243
1078 1250
1078 1255
1078 1256
1078 1267
1078 1271
1078 1272
1078 1285
1078 1287
1078 1288
1078 1289
1078 1291
1078 1302
1078 1323
1078 1329
1078 1330
1078 1331
1078 1335
1078 1336
1078 1339
1078 1341
1078 1351
1078 1352
1078 1359
1078 1361
1078 1367
1078 1370
1078 1376
1078 1377
1078 1380
1078 1390
1078 1391
1078 1393
1078 1399
1078 1409
1078 1416
1078 1420
1078 1431
1078 1437
1078 1447
1078 1456
1078 1457
1078 1467
1078 1471
1078 1488
1078 1491
1078 1516
1078 1520
1078 1522
1078 1530
1078 1538
1078 1542
1078 1547
1078 1551
1078 1554
1078 1559
1078 1580
1078 1584
1078 1589
1078 1597
1078 1598
1078 1600
1078 1603
1078 1604
1078 1608
1078 1612
1078 1617
1078 1619
1078 1620
1078 1621
1078 1643
1078 1653
1078 1662
1078 1663
1078 1665
1078 1668
1078 1669
1078 1675
1078 1683
1078 1707
1078 1714
1078 1717
1078 1721
1078 1730
1078 1735
1078 1736
1078 1741
1078 1746
1078 1750
1078 1752
1078 1753
1078 1757
1078 1761
1078 1768
1078 1789
1078 1791
1078 1793
1078 1799
1078 1800
1078 1804
1078 1809
1078 1810
1078 1813
1078 1816
1078 1821
1078 1823
1078 1826
1078 1832
1078 1833
1078 1835
1078 1839
1078 1842
1078 1843
1078 1845
1078 1849
1078 1861
1078 1864
1078 1867
1078 1868
1078 1879
1078 1886
1078 1888
1078 1898
1078 1902
1079 1086
1079 1101
1079 1107
1079 1117
1079 1126
1079 1128
1079 1132
1079 1146
1079 1181
1079 1184
1079 1185
1079 1198
1079 1199
1079 1209
1079 1211
1079 1214
1079 1242
1079 1243
1079 1250
1079 1267
1079 1278
1079 1290
1079 1329
1079 1331
1079 1335
1079 1339
1079 1340
1079 1344
1079 1351
1079 1352
1079 1365
1079 1367
1079 1375
1079 1377
1079 1390
1079 1391
1079 1399
1079 1416
1079 1431
1079 1447
1079 1471
1079 1491
1079 1516
1079 1522
1079 1523
1079 1524
1079 1530
1079 1532
1079 1539
1079 1540
1079 1547
1079 1551
1079 1557
1079 1584
1079 1589
1079 1597
1079 1600
1079 1608
1079 1610
1079 1612
1079 1613
1079 1621
1079 1622
1079 1623
1079 1643
1079 1644
1079 1652
1079 1653
1079 1659
1079 1662
1079 1663
1079 1683
1079 1685
1079 1688
1079 1689
1079 1707
1079 1714
1079 1717
1079 1721
1079 1724
1079 1730
1079 1734
1079 1736
1079 1737
1079 1741
1079 1746
1079 1750
1079 1752
1079 1757
1079 1761
1079 1768
1079 1791
1079 1793
1079 1795
1079 1796
1079 1800
1079 1804
1079 1810
1079 1813
1079 1816
1079 1819
1079 1827
1079 1833
1079 1835
1079 1839
1079 1849
1079 1867
1079 1879
1079 1888
1080 1086
1080 1095
1080 1106
1080 1113
1080 1122
1080 1142
1080 1155
1080 1210
1080 1237
1080 1294
1080 1318
1080 1332
1080 1349
1080 1358
1080 1427
1080 1437
1080 1446
1080 1464
1080 1473
1080 1487
1080 1514
1080 1526
1080 1543
1080 1545
1080 1565
1080 1616
1080 1645
1080 1660
1080 1673
1080 1677
1080 1695
1080 1729
1080 1763
1080 1766
1080 1767
1080 1785
1080 1790
1080 1801
1080 1844
1080 1853
1080 1870
1080 1878
1080 1881
1080 1882
1080 1902
1081 1099
1081 1261
1081 1277
1081 1282
1081 1396
1081 1495
1081 1515
1081 1573
1081 1704
1081 1729
1081 1732
1081 1742
1081 1751
1081 1783
1081 1786
1081 1794
1081 1820
1081 1824
1081 1871
1081 1894
1082 1104
1082 1120
1082 1129
1082 1148
1082 1158
1082 1190
1082 1192
1082 1204
1082 1227
1082 1231
1082 1235
1082 1257
1082 1277
1082 1279
1082 1284
1082 1292
1082 1298
1082 1322
1082 1345
1082 1347
1082 1379
1082 1381
1082 1392
1082 1404
1082 1413
1082 1423
1082 1432
1082 1438
1082 1459
1082 1462
1082 1475
1082 1550
1082 1573
1082 1576
1082 1583
1082 1587
1082 1591
1082 1596
1082 1611
1082 1628
1082 1647
1082 1680
1082 1716
1082 1764
1082 1857
1082 1859
1082 1873
1082 1899
1082 1903
1083 1086
1083 1091
1083 1101
1083 1107
1083 1125
1083 1126
1083 1130
1083 1132
1083 1153
1083 1160
1083 1163
1083 1172
1083 1180
1083 1184
1083 1185
1083 1199
1083 1205
1083 1207
1083 1211
1083 1238
1083 1256
1083 1271
1083 1280
1083 1285
1083 1288
1083 1302
1083 1330
1083 1331
1083 1336
1083 1352
1083 1370
1083 1380
1083 1390
1083 1391
1083 1398
1083 1399
1083 1402
1083 1431
1083 1447
1083 1449
1083 1456
1083 1457
1083 1460
1083 1470
1083 1471
1083 1480
1083 1483
1083 1488
1083 1513
1083 1547
1083 1551
1083 1559
1083 1589
1083 1598
1083 1604
1083 1605
1083 1610
1083 1612
1083 1619
1083 1621
1083 1639
1083 1652
1083 1662
1083 1663
1083 1665
1083 1668
1083 1707
1083 1712
1083 1714
1083 1722
1083 1736
1083 1741
1083 1746
1083 1752
1083 1757
1083 1789
1083 1799
1083 1800
1083 1804
1083 1809
1083 1816
1083 1826
1083 1832
1083 1833
1083 1839
1083 1851
1083 1868
1083 1888
1083 1898
1083 1902
1084 1173
1084 1458
1084 1470
1084 1519
1084 1570
1084 1571
1084 1605
1084 1620
1084 1722
1084 1768
1085 1088
1085 1098
1085 1136
1085 1165
1085 1178
1085 1187
1085 1193
1085 1274
1085 1307
1085 1317
1085 1328
1085 1360
1085 1410
1085 1420
1085 1421
1085 1494
1085 1511
1085 1518
1085 1537
1085 1553
1085 1555
1085 1567
1085 1588
1085 1593
1085 1687
1085 1705
1085 1719
1085 1803
1085 1806
1085 1825
1085 1847
1085 1866
1085 3437
1085 3440
1085 3456
1085 3495
1085 3501
1085 3525
1085 3540
1085 3550
1085 3556
1085 3561
1085 3577
1085 3592
1085 3609
1085 3633
1085 3651
1085 3674
1085 3677
1085 3684
1085 3692
1085 3721
1085 3741
1085 3750
1085 3756
1085 3797
1085 3830
1085 3851
1085 3872
1085 3877
1085 3886
1085 3943
1085 3948
1085 3962
1086 1091
1086 1101
1086 1112
1086 1117
1086 1123
1086 1125
1086 1126
1086 1128
1086 1130
1086 1132
1086 1135
1086 1143
1086 1146
1086 1149
1086 1153
1086 1156
1086 1163
1086 1164
1086 1172
1086 1175
1086 1180
1086 1184
1086 1185
1086 1192
1086 1198
1086 1199
1086 1201
1086 1207
1086 1211
1086 1214
1086 1222
1086 1235
1086 1238
1086 1243
1086 1250
1086 1255
1086 1256
1086 1267
1086 1271
1086 1273
1086 1285
1086 1288
1086 1289
1086 1291
1086 1298
1086 1302
1086 1312
1086 1318
1086 1329
1086 1330
1086 1335
1086 1339
1086 1344
1086 1351
1086 1352
1086 1358
1086 1367
1086 1370
1086 1375
1086 1376
1086 1377
1086 1390
1086 1391
1086 1399
1086 1402
1086 1416
1086 1418
1086 1423
1086 1427
1086 1429
1086 1431
1086 1436
1086 1447
1086 1449
1086 1456
1086 1457
1086 1463
1086 1467
1086 1471
1086 1480
1086 1483
1086 1488
1086 1509
1086 1516
1086 1517
1086 1522
1086 1539
1086 1547
1086 1556
1086 1557
1086 1563
1086 1565
1086 1570
1086 1571
1086 1589
1086 1598
1086 1600
1086 1603
1086 1604
1086 1605
1086 1608
1086 1610
1086 1613
1086 1617
1086 1619
1086 1620
1086 1621
1086 1622
1086 1632
1086 1643
1086 1652
1086 1659
1086 1660
1086 1662
1086 1663
1086 1665
1086 1668
1086 1674
1086 1675
1086 1679
1086 1680
1086 1688
1086 1689
1086 1707
1086 1714
1086 1715
1086 1717
1086 1721
1086 1722
1086 1727
1086 1730
1086 1735
1086 1736
1086 1737
1086 1741
1086 1746
1086 1750
1086 1753
1086 1754
1086 1757
1086 1761
1086 1768
1086 1789
1086 1799
1086 1800
1086 1804
1086 1809
1086 1810
1086 1813
1086 1823
1086 1827
1086 1830
1086 1832
1086 1833
1086 1835
1086 1842
1086 1844
1086 1849
1086 1861
1086 1867
1086 1868
1086 1877
1086 1879
1086 1886
1086 1888
1086 1898
1086 1902
1086 1907
1087 1283
1087 1317
1087 1505
1087 1838
1088 1098
1088 1165
1088 1178
1088 1193
1088 1301
1088 1421
1088 1540
1088 1641
1088 1719
1088 1803
1088 1866
1089 1168
1089 1213
1089 1259
1089 1354
1089 1415
1089 1507
1089 1624
1089 1667
1089 1672
1089 1725
1089 1783
1090 1127
1090 1131
1090 1141
1090 1228
1090 1236
1090 1244
1090 1304
1090 1634
1090 1703
1090 1725
1090 1749
1091 1207
1091 1271
1091 1456
1091 1457
1091 1471
1091 1472
1091 1598
1091 1619
1091 1668
1091 1752
1091 1804
1091 1839
1091 1888
1091 1890
1092 1124
1092 1126
1092 1149
1092 1199
1092 1214
1092 1230
1092 1250
1092 1289
1092 1291
1092 1361
1092 1367
1092 1390
1092 1398
1092 1437
1092 1447
1092 1485
1092 1551
1092 1559
1092 1589
1092 1603
1092 1605
1092 1609
1092 1617
1092 1622
1092 1669
1092 1714
1092 1741
1092 1753
1092 1754
1092 1761
1092 1768
1092 1795
1092 1827
1092 1846
1092 1860
1092 1864
1092 1886
1092 1909
1093 1168
1093 1366
1093 1529
1093 1569
1093 1646
1093 1667
1093 1783
1094 1154
1094 1343
1094 1349
1094 1356
1094 1531
1094 1543
1094 1545
1094 1831
1094 1910
1095 1113
1095 1210
1095 1294
1095 1300
1095 1320
1095 1357
1095 1393
1095 1397
1095 1422
1095 1487
1095 1604
1095 1692
1095 1794
1095 1897
1097 1118
1097 1137
1097 1186
1097 1216
1097 1232
1097 1314
1097 1319
1097 1333
1097 1363
1097 1371
1097 1378
1097 1424
1097 1452
1097 1468
1097 1493
1097 1533
1097 1548
1097 1568
1097 1601
1097 1648
1097 1733
1097 1747
1097 1787
1097 1798
1097 1802
1097 1837
1097 1880
1097 1892
1097 1895
1098 1140
1098 1165
1098 1187
1098 1251
1098 1317
1098 1328
1098 1360
1098 1505
1098 1511
1098 1534
1098 1553
1098 1567
1098 1579
1098 1593
1098 1666
1098 1705
1098 1719
1098 1803
1098 1806
1099 1102
1099 1108
1099 1166
1099 1204
1099 1245
1099 1261
1099 1273
1099 1277
1099 1282
1099 1303
1099 1309
1099 1316
1099 1324
1099 1373
1099 1382
1099 1396
1099 1406
1099 1451
1099 1454
1099 1495
1099 1508
1099 1515
1099 1582
1099 1583
1099 1595
1099 1638
1099 1661
1099 1729
1099 1732
1099 1742
1099 1751
1099 1783
1099 1786
1099 1812
1099 1820
1099 1824
1099 1828
1099 1848
1099 1871
1099 1893
1099 1894
1099 1907
1100 1104
1100 1129
1100 1158
1100 1192
1100 1204
1100 1221
1100 1227
1100 1229
1100 1231
1100 1235
1100 1257
1100 1277
1100 1279
1100 1292
1100 1315
1100 1322
1100 1345
1100 1350
1100 1413
1100 1423
1100 1432
1100 1459
1100 1462
1100 1475
1100 1479
1100 1550
1100 1573
1100 1576
1100 1578
1100 1583
1100 1591
1100 1592
1100 1596
1100 1628
1100 1635
1100 1636
1100 1647
1100 1655
1100 1680
1100 1715
1100 1728
1100 1783
1100 1812
1100 1841
1100 1857
1100 1859
1100 1862
1100 1873
1100 1884
1100 1899
1101 1107
1101 1125
1101 1126
1101 1132
1101 1153
1101 1163
1101 1172
1101 1175
1101 1185
1101 1191
1101 1199
1101 1205
1101 1207
1101 1211
1101 1214
1101 1219
1101 1230
1101 1256
1101 1271
1101 1278
1101 1287
1101 1288
1101 1289
1101 1302
1101 1329
1101 1330
1101 1335
1101 1336
1101 1341
1101 1351
1101 1361
1101 1370
1101 1376
1101 1390
1101 1391
1101 1393
1101 1398
1101 1399
1101 1402
1101 1416
1101 1420
1101 1431
1101 1449
1101 1456
1101 1471
1101 1480
1101 1488
1101 1516
1101 1522
1101 1535
1101 1547
1101 1551
1101 1554
1101 1556
1101 1559
1101 1584
1101 1589
1101 1597
1101 1598
1101 1604
1101 1610
1101 1612
1101 1613
1101 1619
1101 1621
1101 1637
1101 1652
1101 1662
1101 1663
1101 1665
1101 1668
1101 1707
1101 1712
1101 1714
1101 1736
1101 1741
1101 1746
1101 1752
1101 1757
1101 1761
1101 1768
1101 1789
1101 1791
1101 1793
1101 1799
1101 1800
1101 1804
1101 1809
1101 1813
1101 1827
1101 1833
1101 1835
1101 1839
1101 1842
1101 1845
1101 1849
1101 1864
1101 1868
1101 1874
1101 1879
1101 1888
1101 1898
1101 1900
1101 1902
1102 1108
1102 1166
1102 1245
1102 1261
1102 1273
1102 1282
1102 1286
1102 1303
1102 1309
1102 1316
1102 1324
1102 1373
1102 1382
1102 1396
1102 1451
1102 1454
1102 1459
1102 1475
1102 1495
1102 1502
1102 1508
1102 1582
1102 1591
1102 1661
1102 1729
1102 1732
1102 1742
1102 1751
1102 1783
1102 1786
1102 1812
1102 1820
1102 1848
1102 1871
1102 1893
1102 1894
1103 1215
1103 1706
1103 1725
1103 1794
1103 1850
1104 1115
1104 1120
1104 1129
1104 1148
1104 1158
1104 1166
1104 1190
1104 1192
1104 1204
1104 1221
1104 1227
1104 1229
1104 1231
1104 1235
1104 1257
1104 1277
1104 1279
1104 1292
1104 1298
1104 1303
1104 1315
1104 1322
1104 1345
1104 1347
1104 1350
1104 1373
1104 1379
1104 1381
1104 1392
1104 1404
1104 1413
1104 1423
1104 1426
1104 1429
1104 1432
1104 1436
1104 1448
1104 1462
1104 1473
1104 1475
1104 1479
1104 1495
1104 1550
1104 1573
1104 1575
1104 1576
1104 1578
1104 1583
1104 1587
1104 1596
1104 1611
1104 1628
1104 1635
1104 1636
1104 1638
1104 1647
1104 1655
1104 1680
1104 1682
1104 1691
1104 1706
1104 1715
1104 1716
1104 1720
1104 1728
1104 1729
1104 1742
1104 1764
1104 1786
1104 1794
1104 1812
1104 1824
1104 1841
1104 1857
1104 1859
1104 1862
1104 1871
1104 1873
1104 1884
1104 1893
1104 1894
1104 1899
1104 1903
1105 1208
1105 1890
1106 1121
1106 1131
1106 1147
1106 1189
1106 1226
1106 1248
1106 1273
1106 1304
1106 1311
1106 1348
1106 1418
1106 1496
1106 1507
1106 1569
1106 1591
1106 1630
1106 1681
1106 1725
1106 1727
1106 1749
1106 1770
1106 1785
1107 1123
1107 1124
1107 1125
1107 1126
1107 1130
1107 1132
1107 1149
1107 1153
1107 1156
1107 1163
1107 1172
1107 1184
1107 1191
1107 1199
1107 1211
1107 1219
1107 1222
1107 1230
1107 1238
1107 1256
1107 1267
1107 1269
1107 1271
1107 1288
1107 1289
1107 1291
1107 1302
1107 1330
1107 1331
1107 1335
1107 1341
1107 1351
1107 1352
1107 1361
1107 1367
1107 1370
1107 1375
1107 1380
1107 1388
1107 1390
1107 1391
1107 1399
1107 1407
1107 1409
1107 1431
1107 1437
1107 1447
1107 1449
1107 1456
1107 1457
1107 1458
1107 1460
1107 1467
1107 1471
1107 1488
1107 1491
1107 1509
1107 1516
1107 1522
1107 1530
1107 1538
1107 1539
1107 1542
1107 1547
1107 1551
1107 1554
1107 1559
1107 1563
1107 1571
1107 1584
1107 1589
1107 1598
1107 1603
1107 1604
1107 1605
1107 1610
1107 1612
1107 1613
1107 1617
1107 1619
1107 1620
1107 1621
1107 1622
1107 1623
1107 1643
1107 1652
1107 1662
1107 1663
1107 1665
1107 1668
1107 1669
1107 1683
1107 1707
1107 1714
1107 1721
1107 1723
1107 1730
1107 1736
1107 1746
1107 1757
1107 1768
1107 1789
1107 1791
1107 1793
1107 1796
1107 1799
1107 1800
1107 1809
1107 1810
1107 1816
1107 1823
1107 1827
1107 1832
1107 1833
1107 1839
1107 1842
1107 1843
1107 1845
1107 1849
1107 1861
1107 1864
1107 1879
1107 1886
1107 1888
1107 1902
1108 1235
1108 1261
1108 1273
1108 1277
1108 1281
1108 1282
1108 1316
1108 1373
1108 1382
1108 1396
1108 1406
1108 1454
1108 1495
1108 1502
1108 1515
1108 1582
1108 1661
1108 1729
1108 1742
1108 1751
1108 1783
1108 1786
1108 1812
1108 1820
1108 1824
1108 1828
1108 1848
1108 1871
1108 1894
1109 1139
1109 1188
1109 1189
1109 1259
1109 1275
1109 1296
1109 1311
1109 1338
1109 1348
1109 1428
1109 1469
1109 1472
1109 1482
1109 1496
1109 1507
1109 1541
1109 1549
1109 1624
1109 1630
1109 1681
1109 1709
1109 1770
1109 1847
1109 1904
1110 1175
1110 1191
1110 1209
1110 1242
1110 1243
1110 1250
1110 1278
1110 1290
1110 1312
1110 1321
1110 1327
1110 1339
1110 1344
1110 1352
1110 1367
1110 1377
1110 1390
1110 1393
1110 1407
1110 1522
1110 1523
1110 1526
1110 1528
1110 1540
1110 1557
1110 1600
1110 1609
1110 1620
1110 1622
1110 1659
1110 1663
1110 1688
1110 1710
1110 1711
1110 1717
1110 1721
1110 1724
1110 1730
1110 1750
1110 1753
1110 1754
1110 1791
1110 1795
1110 1800
1110 1813
1110 1819
1110 1827
1110 1835
1110 1845
1110 1861
1110 1864
1110 1897
1110 1911
1111 1197
1111 1368
1111 1788
1112 1184
1112 1185
1112 1209
1112 1242
1112 1250
1112 1255
1112 1278
1112 1312
1112 1340
1112 1344
1112 1367
1112 1375
1112 1390
1112 1416
1112 1420
1112 1572
1112 1600
1112 1612
1112 1620
1112 1644
1112 1653
1112 1683
1112 1688
1112 1710
1112 1714
1112 1721
1112 1724
1112 1735
1112 1737
1112 1746
1112 1750
1112 1752
1112 1757
1112 1771
1112 1789
1112 1796
1112 1799
1112 1800
1112 1804
1112 1819
1112 1827
1112 1867
1112 1886
1112 1888
1113 1122
1113 1142
1113 1210
1113 1237
1113 1294
1113 1318
1113 1320
1113 1332
1113 1358
1113 1427
1113 1446
1113 1464
1113 1473
1113 1549
1113 1565
1113 1602
1113 1606
1113 1625
1113 1645
1113 1660
1113 1695
1113 1740
1113 1744
1113 1763
1113 1766
1113 1767
1113 1773
1113 1844
1113 1870
1113 1878
1113 1881
1113 1882
1114 1155
1114 1179
1114 1210
1114 1223
1114 1248
1114 1263
1114 1300
1114 1320
1114 1357
1114 1358
1114 1408
1114 1422
1114 1487
1114 1512
1114 1543
1114 1574
1114 1616
1114 1677
1114 1692
1114 1744
1114 1746
1114 1767
1114 1778
1114 1808
1114 1882
1115 1120
1115 1148
1115 1190
1115 1192
1115 1221
1115 1231
1115 1235
1115 1257
1115 1277
1115 1284
1115 1298
1115 1315
1115 1322
1115 1345
1115 1404
1115 1432
1115 1462
1115 1550
1115 1576
1115 1596
1115 1628
1115 1647
1115 1655
1115 1680
1115 1691
1115 1716
1115 1857
1115 1862
1115 1872
1115 1899
1116 1230
1116 1269
1116 1329
1116 1331
1116 1344
1116 1367
1116 1391
1116 1484
1116 1522
1116 1540
1116 1600
1116 1608
1116 1609
1116 1617
1116 1688
1116 1730
1116 1754
1116 1800
1116 1816
1116 1827
1116 1835
1116 1845
1116 1864
1117 1124
1117 1125
1117 1126
1117 1132
1117 1146
1117 1153
1117 1160
1117 1163
1117 1172
1117 1173
1117 1191
1117 1199
1117 1201
1117 1205
1117 1211
1117 1214
1117 1222
1117 1230
1117 1238
1117 1255
1117 1256
1117 1263
1117 1267
1117 1271
1117 1272
1117 1280
1117 1288
1117 1289
1117 1302
1117 1323
1117 1329
1117 1330
1117 1331
1117 1339
1117 1341
1117 1359
1117 1361
1117 1370
1117 1377
1117 1380
1117 1388
1117 1389
1117 1390
1117 1399
1117 1402
1117 1420
1117 1431
1117 1447
1117 1456
1117 1470
1117 1483
1117 1488
1117 1516
1117 1522
1117 1535
1117 1538
1117 1547
1117 1551
1117 1554
1117 1559
1117 1570
1117 1571
1117 1580
1117 1584
1117 1589
1117 1590
1117 1598
1117 1604
1117 1608
1117 1609
1117 1610
1117 1613
1117 1621
1117 1622
1117 1637
1117 1662
1117 1663
1117 1665
1117 1675
1117 1683
1117 1707
1117 1714
1117 1717
1117 1722
1117 1730
1117 1736
1117 1746
1117 1768
1117 1772
1117 1791
1117 1793
1117 1795
1117 1800
1117 1804
1117 1809
1117 1811
1117 1813
1117 1826
1117 1827
1117 1833
1117 1835
1117 1839
1117 1842
1117 1849
1117 1861
1117 1864
1117 1868
1117 1877
1117 1888
1117 1898
1117 1902
1118 1137
1118 1186
1118 1216
1118 1232
1118 1314
1118 1319
1118 1333
1118 1363
1118 1371
1118 1378
1118 1452
1118 1468
1118 1493
1118 1533
1118 1548
1118 1568
1118 1601
1118 1629
1118 1648
1118 1733
1118 1747
1118 1787
1118 1798
1118 1837
1118 1880
1118 1892
1118 1895
1120 1129
1120 1192
1120 1204
1120 1227
1120 1231
1120 1235
1120 1273
1120 1277
1120 1292
1120 1298
1120 1315
1120 1345
1120 1347
1120 1379
1120 1404
1120 1448
1120 1459
1120 1462
1120 1475
1120 1479
1120 1573
1120 1576
1120 1583
1120 1587
1120 1591
1120 1596
1120 1611
1120 1628
1120 1636
1120 1655
1120 1682
1120 1715
1120 1716
1120 1781
1120 1830
1120 1841
1120 1857
1120 1862
1120 1872
1120 1899
1121 1159
1121 1189
1121 1226
1121 1259
1121 1311
1121 1348
1121 1472
1121 1482
1121 1496
1121 1507
1121 1536
1121 1541
1121 1681
1121 1744
1121 1770
1121 1847
1122 1155
1122 1179
1122 1237
1122 1313
1122 1318
1122 1320
1122 1349
1122 1358
1122 1374
1122 1400
1122 1408
1122 1427
1122 1514
1122 1543
1122 1574
1122 1616
1122 1645
1122 1673
1122 1677
1122 1679
1122 1692
1122 1740
1122 1743
1122 1744
1122 1790
1122 1801
1122 1844
1122 1878
1122 1882
1123 1125
1123 1130
1123 1132
1123 1153
1123 1156
1123 1163
1123 1175
1123 1185
1123 1196
1123 1199
1123 1211
1123 1256
1123 1271
1123 1272
1123 1305
1123 1341
1123 1361
1123 1391
1123 1398
1123 1440
1123 1449
1123 1456
1123 1458
1123 1460
1123 1467
1123 1471
1123 1480
1123 1485
1123 1488
1123 1501
1123 1513
1123 1585
1123 1590
1123 1610
1123 1612
1123 1614
1123 1617
1123 1619
1123 1639
1123 1662
1123 1668
1123 1707
1123 1712
1123 1735
1123 1765
1123 1782
1123 1799
1123 1804
1123 1805
1123 1833
1123 1836
1123 1839
1123 1843
1123 1845
1123 1851
1123 1863
1123 1886
1123 1888
1123 1911
1124 1125
1124 1126
1124 1146
1124 1149
1124 1156
1124 1160
1124 1164
1124 1172
1124 1173
1124 1175
1124 1180
1124 1184
1124 1191
1124 1199
1124 1201
1124 1205
1124 1211
1124 1214
1124 1219
1124 1222
1124 1230
1124 1243
1124 1255
1124 1289
1124 1305
1124 1321
1124 1323
1124 1327
1124 1330
1124 1334
1124 1335
1124 1341
1124 1352
1124 1359
1124 1361
1124 1377
1124 1388
1124 1398
1124 1399
1124 1420
1124 1437
1124 1440
1124 1447
1124 1458
1124 1470
1124 1485
1124 1488
1124 1501
1124 1509
1124 1520
1124 1522
1124 1538
1124 1542
1124 1551
1124 1554
1124 1559
1124 1563
1124 1570
1124 1580
1124 1589
1124 1604
1124 1608
1124 1609
1124 1610
1124 1622
1124 1626
1124 1637
1124 1639
1124 1659
1124 1662
1124 1663
1124 1665
1124 1669
1124 1675
1124 1683
1124 1689
1124 1702
1124 1707
1124 1735
1124 1736
1124 1753
1124 1754
1124 1768
1124 1772
1124 1774
1124 1793
1124 1799
1124 1800
1124 1804
1124 1810
1124 1811
1124 1813
1124 1827
1124 1835
1124 1839
1124 1842
1124 1843
1124 1845
1124 1849
1124 1858
1124 1861
1124 1879
1124 1888
1124 1891
1124 1898
1124 1902
1124 1909
1124 1911
1125 1126
1125 1132
1125 1153
1125 1163
1125 1172
1125 1184
1125 1185
1125 1191
1125 1198
1125 1199
1125 1207
1125 1211
1125 1230
1125 1238
1125 1256
1125 1267
1125 1271
1125 1285
1125 1288
1125 1289
1125 1291
1125 1302
1125 1330
1125 1335
1125 1336
1125 1341
1125 1351
1125 1352
1125 1365
1125 1367
1125 1370
1125 1380
1125 1390
1125 1391
1125 1398
1125 1399
1125 1431
1125 1437
1125 1449
1125 1456
1125 1457
1125 1471
1125 1480
1125 1488
1125 1491
1125 1501
1125 1516
1125 1522
1125 1530
1125 1538
1125 1547
1125 1551
1125 1554
1125 1556
1125 1584
1125 1589
1125 1598
1125 1604
1125 1610
1125 1612
1125 1619
1125 1620
1125 1652
1125 1662
1125 1663
1125 1665
1125 1668
1125 1707
1125 1712
1125 1714
1125 1730
1125 1736
1125 1757
1125 1789
1125 1793
1125 1795
1125 1799
1125 1800
1125 1804
1125 1809
1125 1810
1125 1816
1125 1823
1125 1827
1125 1833
1125 1839
1125 1842
1125 1849
1125 1864
1125 1868
1125 1879
1125 1886
1125 1888
1125 1898
1125 1902
1126 1128
1126 1132
1126 1146
1126 1149
1126 1153
1126 1156
1126 1163
1126 1173
1126 1175
1126 1184
1126 1185
1126 1191
1126 1195
1126 1196
1126 1198
1126 1199
1126 1201
1126 1207
1126 1211
1126 1222
1126 1242
1126 1243
1126 1250
1126 1255
1126 1256
1126 1267
1126 1269
1126 1271
1126 1272
1126 1278
1126 1280
1126 1288
1126 1289
1126 1291
1126 1302
1126 1305
1126 1323
1126 1327
1126 1329
1126 1330
1126 1331
1126 1335
1126 1336
1126 1339
1126 1341
1126 1344
1126 1351
1126 1352
1126 1361
1126 1367
1126 1370
1126 1375
1126 1376
1126 1377
1126 1380
1126 1390
1126 1391
1126 1399
1126 1402
1126 1420
1126 1431
1126 1439
1126 1447
1126 1449
1126 1456
1126 1467
1126 1470
1126 1471
1126 1480
1126 1485
1126 1488
1126 1491
1126 1509
1126 1516
1126 1520
1126 1522
1126 1523
1126 1535
1126 1539
1126 1547
1126 1551
1126 1554
1126 1557
1126 1559
1126 1562
1126 1563
1126 1584
1126 1589
1126 1590
1126 1598
1126 1603
1126 1604
1126 1605
1126 1608
1126 1610
1126 1612
1126 1613
1126 1614
1126 1617
1126 1619
1126 1621
1126 1622
1126 1623
1126 1643
1126 1659
1126 1662
1126 1663
1126 1665
1126 1668
1126 1669
1126 1675
1126 1678
1126 1683
1126 1685
1126 1689
1126 1707
1126 1712
1126 1714
1126 1717
1126 1718
1126 1721
1126 1730
1126 1735
1126 1736
1126 1737
1126 1741
1126 1746
1126 1752
1126 1753
1126 1754
1126 1757
1126 1761
1126 1765
1126 1768
1126 1782
1126 1793
1126 1799
1126 1800
1126 1804
1126 1809
1126 1810
1126 1813
1126 1816
1126 1819
1126 1821
1126 1823
1126 1826
1126 1827
1126 1833
1126 1835
1126 1836
1126 1839
1126 1842
1126 1843
1126 1849
1126 1867
1126 1868
1126 1879
1126 1886
1126 1888
1126 1898
1126 1902
1126 1909
1127 1134
1127 1183
1127 1236
1127 1244
1127 1246
1127 1304
1127 1366
1127 1472
1127 1640
1127 1703
1127 1709
1127 1725
1127 1759
1127 1785
1127 1840
1128 1135
1128 1143
1128 1149
1128 1184
1128 1185
1128 1199
1128 1211
1128 1230
1128 1242
1128 1267
1128 1269
1128 1272
1128 1291
1128 1302
1128 1339
1128 1341
1128 1344
1128 1350
1128 1352
1128 1367
1128 1376
1128 1377
1128 1390
1128 1391
1128 1399
1128 1416
1128 1418
1128 1420
1128 1431
1128 1436
1128 1467
1128 1491
1128 1516
1128 1522
1128 1538
1128 1539
1128 1554
1128 1557
1128 1575
1128 1584
1128 1589
1128 1597
1128 1600
1128 1603
1128 1610
1128 1612
1128 1620
1128 1621
1128 1622
1128 1650
1128 1663
1128 1675
1128 1689
1128 1714
1128 1724
1128 1727
1128 1730
1128 1735
1128 1746
1128 1750
1128 1761
1128 1768
1128 1793
1128 1799
1128 1800
1128 1804
1128 1810
1128 1819
1128 1823
1128 1827
1128 1833
1128 1835
1128 1844
1128 1864
1128 1886
1128 1888
1128 1894
1129 1158
1129 1192
1129 1204
1129 1227
1129 1229
1129 1231
1129 1235
1129 1257
1129 1277
1129 1279
1129 1292
