1129 1298
1129 1322
1129 1345
1129 1347
1129 1350
1129 1404
1129 1413
1129 1438
1129 1459
1129 1462
1129 1475
1129 1479
1129 1550
1129 1573
1129 1576
1129 1583
1129 1587
1129 1592
1129 1596
1129 1611
1129 1628
1129 1636
1129 1647
1129 1655
1129 1691
1129 1716
1129 1720
1129 1728
1129 1764
1129 1841
1129 1857
1129 1862
1129 1872
1129 1873
1130 1132
1130 1135
1130 1153
1130 1163
1130 1175
1130 1199
1130 1211
1130 1219
1130 1256
1130 1271
1130 1305
1130 1370
1130 1376
1130 1377
1130 1391
1130 1398
1130 1399
1130 1449
1130 1456
1130 1458
1130 1460
1130 1467
1130 1471
1130 1480
1130 1488
1130 1501
1130 1513
1130 1547
1130 1584
1130 1598
1130 1610
1130 1612
1130 1614
1130 1619
1130 1639
1130 1662
1130 1668
1130 1689
1130 1707
1130 1712
1130 1746
1130 1750
1130 1799
1130 1800
1130 1804
1130 1805
1130 1809
1130 1826
1130 1833
1130 1839
1130 1849
1130 1863
1130 1868
1130 1879
1130 1888
1131 1169
1131 1188
1131 1228
1131 1236
1131 1249
1131 1258
1131 1260
1131 1304
1131 1306
1131 1310
1131 1338
1131 1348
1131 1355
1131 1366
1131 1472
1131 1504
1131 1634
1131 1686
1131 1703
1131 1709
1131 1725
1131 1748
1131 1756
1131 1815
1131 1831
1132 1153
1132 1156
1132 1163
1132 1172
1132 1175
1132 1184
1132 1185
1132 1198
1132 1199
1132 1201
1132 1207
1132 1211
1132 1214
1132 1219
1132 1222
1132 1230
1132 1238
1132 1256
1132 1267
1132 1269
1132 1271
1132 1285
1132 1288
1132 1289
1132 1291
1132 1302
1132 1305
1132 1330
1132 1331
1132 1335
1132 1336
1132 1339
1132 1341
1132 1344
1132 1351
1132 1352
1132 1361
1132 1367
1132 1370
1132 1376
1132 1377
1132 1380
1132 1390
1132 1398
1132 1399
1132 1416
1132 1431
1132 1449
1132 1456
1132 1467
1132 1471
1132 1480
1132 1488
1132 1509
1132 1516
1132 1522
1132 1530
1132 1539
1132 1547
1132 1551
1132 1554
1132 1556
1132 1559
1132 1580
1132 1589
1132 1597
1132 1598
1132 1600
1132 1603
1132 1604
1132 1605
1132 1610
1132 1612
1132 1613
1132 1619
1132 1621
1132 1623
1132 1652
1132 1662
1132 1665
1132 1668
1132 1707
1132 1712
1132 1721
1132 1730
1132 1736
1132 1737
1132 1746
1132 1750
1132 1752
1132 1757
1132 1772
1132 1789
1132 1793
1132 1799
1132 1800
1132 1804
1132 1809
1132 1810
1132 1813
1132 1816
1132 1826
1132 1827
1132 1832
1132 1833
1132 1839
1132 1849
1132 1863
1132 1868
1132 1874
1132 1879
1132 1886
1132 1888
1132 1898
1133 1442
1133 1471
1133 1590
1134 1415
1134 1474
1134 1640
1134 1703
1134 1709
1134 1725
1135 1146
1135 1160
1135 1164
1135 1173
1135 1185
1135 1212
1135 1222
1135 1238
1135 1243
1135 1255
1135 1269
1135 1312
1135 1329
1135 1334
1135 1352
1135 1376
1135 1377
1135 1389
1135 1391
1135 1420
1135 1431
1135 1467
1135 1470
1135 1483
1135 1497
1135 1509
1135 1516
1135 1522
1135 1559
1135 1570
1135 1584
1135 1589
1135 1590
1135 1603
1135 1604
1135 1612
1135 1613
1135 1620
1135 1621
1135 1637
1135 1646
1135 1663
1135 1675
1135 1688
1135 1714
1135 1723
1135 1730
1135 1746
1135 1761
1135 1768
1135 1800
1135 1813
1135 1835
1135 1843
1135 1867
1135 1881
1135 1885
1135 1888
1136 1144
1136 1174
1136 1251
1136 1307
1136 1325
1136 1328
1136 1360
1136 1410
1136 1421
1136 1433
1136 1494
1136 1511
1136 1555
1136 1567
1136 1588
1136 1593
1136 1615
1136 1676
1136 1687
1136 1698
1136 1705
1136 1719
1136 1803
1136 1806
1136 1825
1136 1866
1137 1186
1137 1216
1137 1232
1137 1319
1137 1333
1137 1371
1137 1378
1137 1452
1137 1468
1137 1493
1137 1533
1137 1548
1137 1568
1137 1601
1137 1629
1137 1648
1137 1733
1137 1784
1137 1798
1137 1837
1137 1892
1137 1895
1138 1177
1138 1218
1138 1266
1138 1403
1138 1499
1138 1562
1138 1889
1138 1896
1139 1170
1139 1236
1139 1259
1139 1260
1139 1275
1139 1308
1139 1338
1139 1469
1139 1472
1139 1482
1139 1504
1139 1624
1139 1672
1139 1703
1139 1709
1139 1815
1139 1869
1139 1876
1139 1904
1139 1906
1140 1173
1140 1317
1140 1450
1140 1505
1140 1534
1140 1656
1140 1666
1141 1188
1141 1228
1141 1236
1141 1304
1141 1308
1141 1310
1141 1355
1141 1366
1141 1634
1141 1667
1141 1703
1141 1709
1141 1725
1141 1785
1142 1294
1142 1332
1142 1358
1142 1374
1142 1427
1142 1446
1142 1464
1142 1514
1142 1549
1142 1565
1142 1574
1142 1602
1142 1616
1142 1625
1142 1645
1142 1695
1142 1766
1142 1773
1142 1790
1142 1844
1142 1878
1142 1881
1143 1215
1143 1231
1143 1273
1143 1418
1143 1556
1143 1591
1143 1650
1143 1661
1143 1706
1143 1783
1144 1174
1144 1251
1144 1307
1144 1328
1144 1360
1144 1410
1144 1421
1144 1494
1144 1511
1144 1555
1144 1588
1144 1593
1144 1676
1144 1687
1144 1705
1144 1825
1146 1149
1146 1160
1146 1164
1146 1165
1146 1172
1146 1173
1146 1175
1146 1182
1146 1184
1146 1185
1146 1195
1146 1199
1146 1205
1146 1209
1146 1214
1146 1222
1146 1230
1146 1238
1146 1243
1146 1250
1146 1255
1146 1265
1146 1267
1146 1269
1146 1290
1146 1291
1146 1293
1146 1302
1146 1305
1146 1323
1146 1329
1146 1334
1146 1340
1146 1344
1146 1352
1146 1365
1146 1367
1146 1376
1146 1377
1146 1390
1146 1391
1146 1399
1146 1420
1146 1431
1146 1435
1146 1467
1146 1471
1146 1491
1146 1509
1146 1520
1146 1522
1146 1523
1146 1528
1146 1538
1146 1539
1146 1540
1146 1547
1146 1551
1146 1554
1146 1557
1146 1559
1146 1563
1146 1570
1146 1584
1146 1589
1146 1600
1146 1603
1146 1608
1146 1610
1146 1612
1146 1613
1146 1614
1146 1619
1146 1620
1146 1621
1146 1622
1146 1637
1146 1643
1146 1644
1146 1653
1146 1659
1146 1662
1146 1663
1146 1669
1146 1675
1146 1683
1146 1685
1146 1689
1146 1714
1146 1717
1146 1721
1146 1723
1146 1726
1146 1730
1146 1734
1146 1741
1146 1746
1146 1753
1146 1757
1146 1761
1146 1768
1146 1791
1146 1793
1146 1795
1146 1796
1146 1799
1146 1800
1146 1813
1146 1823
1146 1827
1146 1833
1146 1835
1146 1842
1146 1861
1146 1867
1146 1877
1146 1879
1146 1886
1146 1888
1146 1891
1146 1898
1147 1332
1147 1435
1147 1894
1148 1190
1148 1192
1148 1227
1148 1231
1148 1235
1148 1257
1148 1277
1148 1279
1148 1284
1148 1292
1148 1315
1148 1322
1148 1345
1148 1347
1148 1379
1148 1404
1148 1413
1148 1423
1148 1426
1148 1438
1148 1454
1148 1459
1148 1462
1148 1475
1148 1479
1148 1492
1148 1573
1148 1576
1148 1583
1148 1587
1148 1591
1148 1596
1148 1611
1148 1628
1148 1636
1148 1647
1148 1655
1148 1682
1148 1691
1148 1715
1148 1716
1148 1720
1148 1820
1148 1841
1148 1859
1148 1884
1148 1899
1148 1907
1149 1181
1149 1184
1149 1185
1149 1196
1149 1199
1149 1209
1149 1211
1149 1219
1149 1222
1149 1250
1149 1267
1149 1272
1149 1305
1149 1323
1149 1327
1149 1352
1149 1361
1149 1367
1149 1375
1149 1376
1149 1377
1149 1390
1149 1420
1149 1467
1149 1485
1149 1516
1149 1538
1149 1551
1149 1554
1149 1559
1149 1563
1149 1570
1149 1584
1149 1589
1149 1603
1149 1612
1149 1613
1149 1617
1149 1618
1149 1621
1149 1622
1149 1632
1149 1643
1149 1644
1149 1653
1149 1659
1149 1663
1149 1665
1149 1669
1149 1675
1149 1683
1149 1689
1149 1707
1149 1714
1149 1724
1149 1730
1149 1735
1149 1746
1149 1750
1149 1752
1149 1761
1149 1768
1149 1769
1149 1774
1149 1791
1149 1796
1149 1799
1149 1800
1149 1804
1149 1810
1149 1816
1149 1819
1149 1827
1149 1833
1149 1835
1149 1836
1149 1839
1149 1845
1149 1879
1149 1888
1150 1283
1150 1321
1150 1327
1150 1337
1150 1476
1150 1626
1150 1656
1150 1702
1150 1858
1150 1865
1150 1909
1150 1911
1151 1171
1151 1447
1151 1501
1151 1540
1152 1159
1152 1258
1152 1275
1152 1366
1152 1373
1152 1473
1152 1525
1152 1584
1152 1630
1152 1703
1152 1783
1152 1807
1153 1156
1153 1160
1153 1163
1153 1172
1153 1173
1153 1175
1153 1181
1153 1184
1153 1185
1153 1199
1153 1201
1153 1205
1153 1207
1153 1214
1153 1230
1153 1238
1153 1256
1153 1269
1153 1271
1153 1280
1153 1285
1153 1287
1153 1288
1153 1289
1153 1302
1153 1330
1153 1331
1153 1335
1153 1336
1153 1341
1153 1352
1153 1370
1153 1376
1153 1377
1153 1380
1153 1388
1153 1390
1153 1391
1153 1399
1153 1402
1153 1431
1153 1447
1153 1449
1153 1456
1153 1457
1153 1470
1153 1471
1153 1480
1153 1483
1153 1488
1153 1491
1153 1516
1153 1522
1153 1524
1153 1542
1153 1547
1153 1559
1153 1580
1153 1584
1153 1589
1153 1598
1153 1600
1153 1604
1153 1605
1153 1610
1153 1617
1153 1619
1153 1620
1153 1621
1153 1622
1153 1652
1153 1662
1153 1663
1153 1665
1153 1668
1153 1669
1153 1707
1153 1712
1153 1714
1153 1717
1153 1723
1153 1730
1153 1736
1153 1741
1153 1746
1153 1757
1153 1761
1153 1768
1153 1772
1153 1789
1153 1793
1153 1796
1153 1800
1153 1804
1153 1809
1153 1810
1153 1811
1153 1816
1153 1823
1153 1826
1153 1832
1153 1833
1153 1839
1153 1842
1153 1845
1153 1849
1153 1868
1153 1879
1153 1886
1153 1888
1153 1898
1153 1902
1154 1295
1154 1349
1154 1356
1154 1531
1154 1543
1154 1785
1155 1179
1155 1237
1155 1320
1155 1349
1155 1358
1155 1400
1155 1408
1155 1420
1155 1487
1155 1490
1155 1506
1155 1574
1155 1616
1155 1621
1155 1631
1155 1637
1155 1645
1155 1673
1155 1677
1155 1679
1155 1767
1155 1844
1155 1878
1155 1882
1156 1172
1156 1173
1156 1175
1156 1199
1156 1211
1156 1230
1156 1238
1156 1256
1156 1271
1156 1288
1156 1291
1156 1323
1156 1331
1156 1352
1156 1370
1156 1375
1156 1377
1156 1388
1156 1390
1156 1391
1156 1399
1156 1401
1156 1431
1156 1437
1156 1447
1156 1449
1156 1456
1156 1470
1156 1483
1156 1488
1156 1517
1156 1520
1156 1538
1156 1542
1156 1551
1156 1556
1156 1557
1156 1563
1156 1570
1156 1584
1156 1589
1156 1603
1156 1604
1156 1605
1156 1609
1156 1610
1156 1612
1156 1619
1156 1622
1156 1632
1156 1652
1156 1653
1156 1665
1156 1668
1156 1669
1156 1685
1156 1707
1156 1722
1156 1730
1156 1736
1156 1746
1156 1789
1156 1799
1156 1800
1156 1804
1156 1809
1156 1810
1156 1816
1156 1823
1156 1826
1156 1833
1156 1839
1156 1845
1156 1868
1156 1886
1156 1888
1156 1891
1156 1898
1157 1383
1157 1501
1157 1594
1157 1909
1158 1192
1158 1215
1158 1227
1158 1235
1158 1277
1158 1284
1158 1292
1158 1298
1158 1322
1158 1345
1158 1347
1158 1381
1158 1392
1158 1413
1158 1423
1158 1432
1158 1448
1158 1454
1158 1459
1158 1462
1158 1479
1158 1495
1158 1502
1158 1503
1158 1550
1158 1573
1158 1576
1158 1583
1158 1591
1158 1596
1158 1611
1158 1628
1158 1636
1158 1649
1158 1691
1158 1715
1158 1716
1158 1729
1158 1732
1158 1783
1158 1841
1158 1857
1158 1871
1158 1872
1158 1893
1158 1899
1158 1903
1159 1167
1159 1170
1159 1183
1159 1188
1159 1217
1159 1221
1159 1225
1159 1227
1159 1228
1159 1241
1159 1246
1159 1258
1159 1260
1159 1275
1159 1299
1159 1306
1159 1310
1159 1338
1159 1355
1159 1366
1159 1412
1159 1418
1159 1435
1159 1444
1159 1472
1159 1473
1159 1481
1159 1496
1159 1500
1159 1504
1159 1507
1159 1525
1159 1536
1159 1569
1159 1584
1159 1591
1159 1630
1159 1634
1159 1686
1159 1699
1159 1703
1159 1738
1159 1781
1159 1783
1159 1785
1159 1807
1159 1828
1159 1876
1160 1173
1160 1180
1160 1191
1160 1201
1160 1205
1160 1214
1160 1222
1160 1238
1160 1243
1160 1255
1160 1256
1160 1280
1160 1323
1160 1330
1160 1331
1160 1352
1160 1359
1160 1361
1160 1377
1160 1380
1160 1388
1160 1391
1160 1402
1160 1409
1160 1447
1160 1470
1160 1483
1160 1487
1160 1488
1160 1519
1160 1535
1160 1551
1160 1559
1160 1570
1160 1571
1160 1600
1160 1604
1160 1605
1160 1608
1160 1609
1160 1610
1160 1620
1160 1637
1160 1662
1160 1663
1160 1665
1160 1669
1160 1675
1160 1688
1160 1707
1160 1722
1160 1723
1160 1736
1160 1741
1160 1768
1160 1793
1160 1800
1160 1804
1160 1809
1160 1813
1160 1826
1160 1835
1160 1842
1160 1849
1160 1861
1160 1868
1160 1888
1160 1898
1160 1902
1161 1283
1161 1321
1161 1327
1161 1337
1161 1518
1161 1540
1161 1561
1161 1618
1161 1626
1161 1656
1161 1702
1161 1779
1161 1846
1161 1858
1161 1909
1161 1911
1162 1599
1162 1696
1162 1731
1162 1761
1162 1814
1162 1831
1162 1901
1163 1172
1163 1181
1163 1184
1163 1185
1163 1199
1163 1207
1163 1238
1163 1256
1163 1271
1163 1285
1163 1288
1163 1305
1163 1331
1163 1335
1163 1351
1163 1352
1163 1367
1163 1370
1163 1380
1163 1390
1163 1399
1163 1431
1163 1447
1163 1449
1163 1456
1163 1471
1163 1480
1163 1488
1163 1516
1163 1547
1163 1556
1163 1559
1163 1580
1163 1584
1163 1589
1163 1598
1163 1604
1163 1605
1163 1610
1163 1613
1163 1617
1163 1619
1163 1621
1163 1622
1163 1652
1163 1663
1163 1665
1163 1668
1163 1707
1163 1712
1163 1714
1163 1736
1163 1746
1163 1757
1163 1789
1163 1791
1163 1800
1163 1804
1163 1809
1163 1816
1163 1826
1163 1832
1163 1833
1163 1839
1163 1863
1163 1868
1163 1879
1163 1886
1163 1888
1163 1898
1164 1329
1164 1334
1164 1352
1164 1377
1164 1391
1164 1520
1164 1557
1164 1570
1164 1584
1164 1600
1164 1603
1164 1644
1164 1663
1164 1675
1164 1685
1164 1730
1164 1734
1164 1761
1164 1765
1165 1178
1165 1182
1165 1254
1165 1283
1165 1317
1165 1369
1165 1384
1165 1419
1165 1421
1165 1461
1165 1505
1165 1561
1165 1641
1165 1718
1165 1719
1165 1758
1165 1866
1166 1221
1166 1241
1166 1245
1166 1258
1166 1261
1166 1273
1166 1282
1166 1306
1166 1316
1166 1324
1166 1338
1166 1350
1166 1366
1166 1373
1166 1382
1166 1396
1166 1472
1166 1495
1166 1503
1166 1504
1166 1515
1166 1525
1166 1536
1166 1595
1166 1638
1166 1661
1166 1703
1166 1725
1166 1729
1166 1742
1166 1751
1166 1783
1166 1786
1166 1812
1166 1820
1166 1824
1166 1828
1166 1871
1166 1876
1166 1893
1166 1894
1167 1188
1167 1225
1167 1241
1167 1246
1167 1260
1167 1275
1167 1299
1167 1310
1167 1338
1167 1355
1167 1472
1167 1481
1167 1500
1167 1504
1167 1536
1167 1569
1167 1630
1167 1633
1167 1686
1167 1703
1167 1709
1167 1783
1167 1876
1168 1472
1168 1667
1169 1249
1169 1306
1169 1428
1169 1482
1169 1529
1169 1624
1169 1703
1169 1709
1169 1748
1169 1831
1169 1904
1170 1213
1170 1228
1170 1273
1170 1275
1170 1282
1170 1296
1170 1303
1170 1406
1170 1412
1170 1495
1170 1500
1170 1549
1170 1691
1170 1742
1170 1745
1170 1781
1170 1783
1170 1786
1170 1820
1170 1857
1170 1871
1170 1893
1170 1894
1171 1173
1171 1182
1171 1297
1171 1387
1171 1450
1171 1465
1171 1486
1171 1534
1171 1642
1171 1684
1171 1883
1171 1908
1171 2677
1171 2826
1171 3290
1172 1173
1172 1191
1172 1199
1172 1201
1172 1205
1172 1211
1172 1214
1172 1219
1172 1222
1172 1230
1172 1238
1172 1256
1172 1280
1172 1289
1172 1293
1172 1330
1172 1331
1172 1335
1172 1341
1172 1351
1172 1352
1172 1361
1172 1376
1172 1388
1172 1390
1172 1399
1172 1409
1172 1420
1172 1431
1172 1447
1172 1456
1172 1471
1172 1480
1172 1483
1172 1517
1172 1530
1172 1535
1172 1547
1172 1551
1172 1554
1172 1559
1172 1580
1172 1584
1172 1589
1172 1597
1172 1598
1172 1604
1172 1605
1172 1609
1172 1610
1172 1613
1172 1619
1172 1621
1172 1637
1172 1662
1172 1663
1172 1665
1172 1668
1172 1689
1172 1707
1172 1714
1172 1721
1172 1730
1172 1736
1172 1746
1172 1750
1172 1757
1172 1768
1172 1791
1172 1793
1172 1800
1172 1804
1172 1809
1172 1813
1172 1816
1172 1821
1172 1823
1172 1833
1172 1839
1172 1842
1172 1849
1172 1868
1172 1879
1172 1888
1172 1902
1173 1180
1173 1191
1173 1199
1173 1201
1173 1205
1173 1214
1173 1219
1173 1222
1173 1238
1173 1243
1173 1256
1173 1271
1173 1280
1173 1323
1173 1329
1173 1330
1173 1331
1173 1335
1173 1359
1173 1377
1173 1388
1173 1389
1173 1390
1173 1391
1173 1409
1173 1431
1173 1447
1173 1460
1173 1470
1173 1483
1173 1487
1173 1509
1173 1517
1173 1519
1173 1520
1173 1522
1173 1527
1173 1534
1173 1535
1173 1539
1173 1551
1173 1553
1173 1554
1173 1557
1173 1559
1173 1570
1173 1577
1173 1580
1173 1584
1173 1590
1173 1604
1173 1605
1173 1608
1173 1609
1173 1610
1173 1613
1173 1620
1173 1637
1173 1639
1173 1663
1173 1665
1173 1669
1173 1674
1173 1675
1173 1688
1173 1698
1173 1707
1173 1717
1173 1722
1173 1730
1173 1741
1173 1768
1173 1772
1173 1791
1173 1793
1173 1800
1173 1804
1173 1811
1173 1813
1173 1826
1173 1842
1173 1861
1173 1867
1173 1868
1173 1879
1173 1888
1173 1898
1173 1900
1173 1902
1174 1251
1174 1328
1174 1410
1174 1421
1174 1433
1174 1494
1174 1511
1174 1676
1174 1687
1174 1705
1174 1719
1174 1803
1174 1825
1175 1180
1175 1185
1175 1191
1175 1195
1175 1196
1175 1201
1175 1214
1175 1222
1175 1230
1175 1255
1175 1265
1175 1269
1175 1272
1175 1280
1175 1288
1175 1291
1175 1302
1175 1305
1175 1312
1175 1329
1175 1331
1175 1334
1175 1352
1175 1376
1175 1377
1175 1380
1175 1390
1175 1391
1175 1398
1175 1405
1175 1409
1175 1416
1175 1420
1175 1431
1175 1447
1175 1456
1175 1457
1175 1460
1175 1467
1175 1471
1175 1480
1175 1484
1175 1485
1175 1509
1175 1513
1175 1522
1175 1528
1175 1540
1175 1547
1175 1554
1175 1557
1175 1559
1175 1570
1175 1590
1175 1598
1175 1600
1175 1608
1175 1610
1175 1612
1175 1614
1175 1617
1175 1620
1175 1621
1175 1622
1175 1637
1175 1639
1175 1644
1175 1652
1175 1662
1175 1663
1175 1668
1175 1675
1175 1707
1175 1717
1175 1724
1175 1730
1175 1736
1175 1741
1175 1765
1175 1768
1175 1774
1175 1782
1175 1789
1175 1800
1175 1804
1175 1809
1175 1811
1175 1819
1175 1823
1175 1827
1175 1833
1175 1835
1175 1842
1175 1846
1175 1851
1175 1861
1175 1863
1175 1867
1175 1879
1175 1888
1175 1891
1175 1902
1176 1591
1177 1218
1177 1403
1177 1424
1177 1436
1177 1499
1177 1641
1177 1889
1177 1896
1178 1369
1178 1419
1178 1461
1178 1641
1178 1758
1178 1803
1178 1866
1179 1210
1179 1223
1179 1237
1179 1300
1179 1320
1179 1349
1179 1357
1179 1358
1179 1374
1179 1400
1179 1512
1179 1545
1179 1574
1179 1606
1179 1616
1179 1631
1179 1645
1179 1673
1179 1692
1179 1740
1179 1744
1179 1767
1179 1778
1179 1882
1180 1205
1180 1214
1180 1222
1180 1238
1180 1280
1180 1330
1180 1331
1180 1352
1180 1377
1180 1388
1180 1447
1180 1470
1180 1471
1180 1483
1180 1520
1180 1551
1180 1554
1180 1598
1180 1600
1180 1663
1180 1665
1180 1685
1180 1730
1180 1741
1180 1789
1180 1793
1180 1804
1180 1813
1180 1826
1180 1835
1180 1868
1180 1879
1180 1888
1181 1184
1181 1185
1181 1198
1181 1199
1181 1211
1181 1242
1181 1250
1181 1267
1181 1289
1181 1335
1181 1339
1181 1340
1181 1344
1181 1352
1181 1365
1181 1367
1181 1375
1181 1391
1181 1399
1181 1416
1181 1431
1181 1447
1181 1491
1181 1516
1181 1522
1181 1530
1181 1532
1181 1547
1181 1554
1181 1557
1181 1584
1181 1589
1181 1597
1181 1600
1181 1603
1181 1610
1181 1612
1181 1613
1181 1621
1181 1623
1181 1632
1181 1643
1181 1644
1181 1653
1181 1662
1181 1663
1181 1683
1181 1689
1181 1700
1181 1707
1181 1714
1181 1717
1181 1721
1181 1736
1181 1737
1181 1746
1181 1750
1181 1752
1181 1793
1181 1795
1181 1799
1181 1800
1181 1804
1181 1810
1181 1813
1181 1816
1181 1826
1181 1827
1181 1833
1181 1839
1181 1849
1181 1867
1181 1879
1181 1886
1181 1888
1182 1185
1182 1191
1182 1195
1182 1243
1182 1255
1182 1265
1182 1269
1182 1312
1182 1329
1182 1334
1182 1352
1182 1369
1182 1376
1182 1377
1182 1391
1182 1399
1182 1405
1182 1420
1182 1431
1182 1509
1182 1522
1182 1528
1182 1539
1182 1554
1182 1559
1182 1570
1182 1584
1182 1589
1182 1603
1182 1608
1182 1609
1182 1612
1182 1613
1182 1617
1182 1637
1182 1639
1182 1643
1182 1663
1182 1669
1182 1675
1182 1714
1182 1718
1182 1730
1182 1753
1182 1757
1182 1761
1182 1768
1182 1782
1182 1804
1182 1835
1182 1851
1182 1888
1183 1217
1183 1223
1183 1246
1183 1338
1183 1343
1183 1366
1183 1436
1183 1444
1183 1472
1183 1525
1183 1529
1183 1536
1183 1540
1183 1569
1183 1630
1183 1667
1183 1686
1183 1699
1183 1703
1183 1783
1183 1794
1183 1807
1183 1876
1184 1185
1184 1198
1184 1199
1184 1209
1184 1211
1184 1237
1184 1242
1184 1250
1184 1255
1184 1267
1184 1269
1184 1278
1184 1287
1184 1288
1184 1331
1184 1335
1184 1339
1184 1340
1184 1341
1184 1344
1184 1351
1184 1352
1184 1361
1184 1367
1184 1375
1184 1376
1184 1390
1184 1391
1184 1399
1184 1402
1184 1416
1184 1420
1184 1431
1184 1435
1184 1456
1184 1471
1184 1488
1184 1491
1184 1509
1184 1516
1184 1520
1184 1522
1184 1523
1184 1524
1184 1530
1184 1532
1184 1538
1184 1539
1184 1542
1184 1551
1184 1557
1184 1559
1184 1563
1184 1572
1184 1584
1184 1589
1184 1597
1184 1598
1184 1600
1184 1603
1184 1605
1184 1610
1184 1612
1184 1613
1184 1617
1184 1619
1184 1620
1184 1621
1184 1622
1184 1623
1184 1632
1184 1643
1184 1644
1184 1652
1184 1653
1184 1659
1184 1662
1184 1663
1184 1665
1184 1668
1184 1669
1184 1683
1184 1685
1184 1688
1184 1689
1184 1700
1184 1707
1184 1714
1184 1717
1184 1721
1184 1724
1184 1730
1184 1735
1184 1736
1184 1737
1184 1746
1184 1750
1184 1752
1184 1754
1184 1757
1184 1769
1184 1789
1184 1793
1184 1795
1184 1799
1184 1800
1184 1810
1184 1813
1184 1816
1184 1819
1184 1823
1184 1826
1184 1827
1184 1833
1184 1835
1184 1839
1184 1845
1184 1849
1184 1867
1184 1877
1184 1879
1184 1886
1184 1888
1184 1902
1185 1198
1185 1199
1185 1211
1185 1219
1185 1222
1185 1243
1185 1250
1185 1255
1185 1267
1185 1269
1185 1271
1185 1272
1185 1291
1185 1293
1185 1302
1185 1305
1185 1312
1185 1329
1185 1331
1185 1334
1185 1335
1185 1339
1185 1341
1185 1344
1185 1352
1185 1367
1185 1376
1185 1377
1185 1390
1185 1391
1185 1399
1185 1416
1185 1420
1185 1431
1185 1439
1185 1449
1185 1456
1185 1467
1185 1471
1185 1484
1185 1488
1185 1491
1185 1509
1185 1516
1185 1520
1185 1522
1185 1530
1185 1547
1185 1554
1185 1557
1185 1559
1185 1563
1185 1570
1185 1584
1185 1589
1185 1590
1185 1597
1185 1603
1185 1608
1185 1610
1185 1612
1185 1613
1185 1617
1185 1619
1185 1621
1185 1622
1185 1623
1185 1639
1185 1643
1185 1652
1185 1653
1185 1659
1185 1662
1185 1663
1185 1668
1185 1669
1185 1675
1185 1685
1185 1707
1185 1714
1185 1721
1185 1730
1185 1734
1185 1735
1185 1736
1185 1737
1185 1746
1185 1750
1185 1752
1185 1753
1185 1757
1185 1761
1185 1768
1185 1782
1185 1789
1185 1791
1185 1799
1185 1800
1185 1804
1185 1809
1185 1810
1185 1816
1185 1819
1185 1823
1185 1826
1185 1827
1185 1833
1185 1835
1185 1849
1185 1864
1185 1868
1185 1879
1185 1886
1185 1888
1185 1891
1186 1216
1186 1232
1186 1333
1186 1363
1186 1533
1186 1548
1186 1733
1186 1798
1186 1837
1186 1895
1187 1328
1187 1360
1187 1410
1187 1511
1187 1553
1187 1567
1187 1588
1187 1593
1187 1615
1187 1698
1187 1705
1187 1719
1187 1803
1187 1806
1187 1866
1188 1228
1188 1236
1188 1259
1188 1260
1188 1275
1188 1299
1188 1304
1188 1308
1188 1310
1188 1338
1188 1355
1188 1366
1188 1472
1188 1482
1188 1500
1188 1504
1188 1536
1188 1630
1188 1634
1188 1703
1188 1876
1189 1226
1189 1244
1189 1259
1189 1311
1189 1338
1189 1348
1189 1366
1189 1415
1189 1428
1189 1469
1189 1472
1189 1482
1189 1496
1189 1507
1189 1529
1189 1541
1189 1553
1189 1630
1189 1667
1189 1681
1189 1709
1189 1727
1189 1783
1189 1831
1189 1847
1190 1192
1190 1204
1190 1227
1190 1231
1190 1235
1190 1277
1190 1284
1190 1322
1190 1345
1190 1379
1190 1426
1190 1432
1190 1448
1190 1459
1190 1462
1190 1475
1190 1479
1190 1515
1190 1545
1190 1583
1190 1587
1190 1596
1190 1628
1190 1636
1190 1647
1190 1655
1190 1715
1190 1786
1190 1857
1190 1899
1191 1195
1191 1199
1191 1205
1191 1211
1191 1214
1191 1219
1191 1222
1191 1230
1191 1238
1191 1243
1191 1267
1191 1280
1191 1290
1191 1291
1191 1323
1191 1329
1191 1331
1191 1335
1191 1352
1191 1359
1191 1361
1191 1376
1191 1377
1191 1388
1191 1390
1191 1393
1191 1399
1191 1407
1191 1431
1191 1447
1191 1470
1191 1488
1191 1491
1191 1516
1191 1517
1191 1528
1191 1551
1191 1554
1191 1559
1191 1563
1191 1570
1191 1571
1191 1584
1191 1589
1191 1604
1191 1608
1191 1609
1191 1610
1191 1613
1191 1620
1191 1621
1191 1639
1191 1643
1191 1663
1191 1669
1191 1675
1191 1707
1191 1730
1191 1736
1191 1768
1191 1791
1191 1800
1191 1804
1191 1811
1191 1823
1191 1827
1191 1833
1191 1835
1191 1839
1191 1842
1191 1861
1191 1863
1191 1864
1191 1868
1191 1879
1191 1888
1191 1898
1192 1204
1192 1215
1192 1227
1192 1229
1192 1231
1192 1235
1192 1257
1192 1277
1192 1282
1192 1284
1192 1292
1192 1298
1192 1315
1192 1322
1192 1345
1192 1347
1192 1379
1192 1413
1192 1423
1192 1426
1192 1432
1192 1438
1192 1448
1192 1459
1192 1462
1192 1479
1192 1502
1192 1515
1192 1550
1192 1573
1192 1576
1192 1578
1192 1583
1192 1587
1192 1591
1192 1592
1192 1595
1192 1596
1192 1611
1192 1628
1192 1636
1192 1638
1192 1647
1192 1649
1192 1655
1192 1661
1192 1680
1192 1682
1192 1691
1192 1706
1192 1715
1192 1716
1192 1720
1192 1742
1192 1764
1192 1786
1192 1790
1192 1841
1192 1857
1192 1859
1192 1862
1192 1871
1192 1872
1192 1873
1192 1884
1192 1893
1193 1387
1193 1505
1193 1585
1193 1838
1194 1492
1194 1586
1195 1255
1195 1265
1195 1329
1195 1352
1195 1376
1195 1377
1195 1420
1195 1431
1195 1467
1195 1509
1195 1513
1195 1520
1195 1538
1195 1554
1195 1563
1195 1590
1195 1594
1195 1603
1195 1608
1195 1612
1195 1614
1195 1621
1195 1637
1195 1639
1195 1663
1195 1669
1195 1730
1195 1741
1195 1765
1195 1768
1195 1782
1195 1800
1195 1835
1195 1843
1195 1846
1195 1851
1195 1891
1196 1197
1196 1272
1196 1305
1196 1449
1196 1467
1196 1485
1196 1563
1196 1612
1196 1618
1196 1663
1196 1718
1196 1735
1196 1753
1196 1769
1196 1774
1196 1799
1196 1836
1196 1845
1196 1852
1197 1368
1197 1441
1197 1544
1197 1718
1197 1788
1197 1851
1198 1199
1198 1211
1198 1242
1198 1250
1198 1267
1198 1269
1198 1335
1198 1340
1198 1344
1198 1352
1198 1361
1198 1367
1198 1375
1198 1390
1198 1399
1198 1416
1198 1431
1198 1467
1198 1471
1198 1488
1198 1491
1198 1516
1198 1530
1198 1532
1198 1538
1198 1557
1198 1563
1198 1570
1198 1584
1198 1589
1198 1598
1198 1600
1198 1610
1198 1612
1198 1613
1198 1623
1198 1632
1198 1643
1198 1644
1198 1652
1198 1653
1198 1663
1198 1683
1198 1689
1198 1707
1198 1714
1198 1721
1198 1736
1198 1737
1198 1746
1198 1750
1198 1752
1198 1757
1198 1768
1198 1789
1198 1795
1198 1799
1198 1800
1198 1804
1198 1810
1198 1816
1198 1819
1198 1827
1198 1833
1198 1867
1198 1879
1198 1888
1199 1201
1199 1205
1199 1207
1199 1211
1199 1214
1199 1219
1199 1222
1199 1230
1199 1238
1199 1242
1199 1250
1199 1255
1199 1256
1199 1267
1199 1269
1199 1271
1199 1280
1199 1287
1199 1288
1199 1289
1199 1291
1199 1302
1199 1305
1199 1323
1199 1329
1199 1330
1199 1331
1199 1334
1199 1335
1199 1336
1199 1339
1199 1341
1199 1351
1199 1352
1199 1359
1199 1361
1199 1365
1199 1367
1199 1370
1199 1376
1199 1377
1199 1380
1199 1390
1199 1391
1199 1393
1199 1398
1199 1399
1199 1402
1199 1407
1199 1409
1199 1416
1199 1431
1199 1437
1199 1439
1199 1447
1199 1449
1199 1456
1199 1457
1199 1467
1199 1471
1199 1480
1199 1488
1199 1491
1199 1509
1199 1516
1199 1522
1199 1530
1199 1535
1199 1538
1199 1539
1199 1542
1199 1547
1199 1551
1199 1554
1199 1556
1199 1557
1199 1559
1199 1563
1199 1570
1199 1584
1199 1589
1199 1597
1199 1598
1199 1603
1199 1604
1199 1605
1199 1608
1199 1609
1199 1610
1199 1612
1199 1613
1199 1614
1199 1617
1199 1619
1199 1620
1199 1621
1199 1622
1199 1623
1199 1632
1199 1653
1199 1658
1199 1659
1199 1662
1199 1663
1199 1665
1199 1668
1199 1669
1199 1675
1199 1685
1199 1702
1199 1707
1199 1712
1199 1714
1199 1717
1199 1721
1199 1722
1199 1723
1199 1730
1199 1735
1199 1736
1199 1737
1199 1741
1199 1746
1199 1750
1199 1754
1199 1757
1199 1761
1199 1768
1199 1772
1199 1782
1199 1789
1199 1791
1199 1793
1199 1795
1199 1796
1199 1799
1199 1800
1199 1804
1199 1809
1199 1810
1199 1813
1199 1816
1199 1821
1199 1823
1199 1826
1199 1827
1199 1833
1199 1835
1199 1839
1199 1842
1199 1845
1199 1849
1199 1864
1199 1867
1199 1868
1199 1879
1199 1886
1199 1888
1199 1898
1199 1902
1200 1202
1200 1268
1200 1574
1201 1205
1201 1214
1201 1222
1201 1238
1201 1243
1201 1280
1201 1329
1201 1331
1201 1352
1201 1359
1201 1377
1201 1388
1201 1389
1201 1447
1201 1456
1201 1470
1201 1471
1201 1480
1201 1483
1201 1535
1201 1551
1201 1570
1201 1580
1201 1598
1201 1600
1201 1608
1201 1609
1201 1610
1201 1621
1201 1689
1201 1768
1201 1772
1201 1804
1201 1811
1201 1835
1201 1842
1201 1868
1201 1879
1201 1888
1202 1253
1202 1268
1202 1326
1202 1858
1203 1240
1203 1307
1203 1360
1203 1555
1203 1588
1203 1847
1204 1215
1204 1221
1204 1227
1204 1229
1204 1231
1204 1235
1204 1257
1204 1261
1204 1273
1204 1277
1204 1279
1204 1282
1204 1284
1204 1298
1204 1303
1204 1315
1204 1322
1204 1345
1204 1347
1204 1373
1204 1379
1204 1413
1204 1423
1204 1426
1204 1429
1204 1432
1204 1454
1204 1459
1204 1462
1204 1475
1204 1479
1204 1489
1204 1495
1204 1502
1204 1503
1204 1515
1204 1573
1204 1576
1204 1583
1204 1587
1204 1591
1204 1596
1204 1611
1204 1628
1204 1635
1204 1636
1204 1647
1204 1649
1204 1655
1204 1661
1204 1680
1204 1682
1204 1691
1204 1706
1204 1715
1204 1716
1204 1727
1204 1728
1204 1729
1204 1742
1204 1764
1204 1783
1204 1786
1204 1820
1204 1824
1204 1828
1204 1841
1204 1857
1204 1859
1204 1871
1204 1873
1204 1875
1204 1887
1204 1893
1204 1894
1204 1899
1204 1903
1205 1207
1205 1222
1205 1238
1205 1250
1205 1255
1205 1271
1205 1280
1205 1288
1205 1323
1205 1329
1205 1330
1205 1331
1205 1352
1205 1359
1205 1361
1205 1377
1205 1388
1205 1389
1205 1391
1205 1409
1205 1447
1205 1456
1205 1470
1205 1483
1205 1488
1205 1509
1205 1517
1205 1520
1205 1522
1205 1535
1205 1551
1205 1554
1205 1559
1205 1570
1205 1571
1205 1580
1205 1584
1205 1604
1205 1605
1205 1608
1205 1609
1205 1610
1205 1619
1205 1637
1205 1663
1205 1669
1205 1675
1205 1685
1205 1707
1205 1714
1205 1717
1205 1722
1205 1730
1205 1736
1205 1741
1205 1768
1205 1772
1205 1791
1205 1793
1205 1796
1205 1804
1205 1809
1205 1811
1205 1813
1205 1826
1205 1835
1205 1839
1205 1842
1205 1849
1205 1861
1205 1864
1205 1868
1205 1888
1205 1891
1205 1898
1205 1902
1207 1238
1207 1256
1207 1271
1207 1285
1207 1288
1207 1302
1207 1336
1207 1341
1207 1359
1207 1370
1207 1380
1207 1390
1207 1409
1207 1431
1207 1447
1207 1449
1207 1456
1207 1471
1207 1480
1207 1488
1207 1516
1207 1542
1207 1571
1207 1584
1207 1598
1207 1604
1207 1605
1207 1610
1207 1619
1207 1652
1207 1665
1207 1668
1207 1712
1207 1717
1207 1746
1207 1768
1207 1789
1207 1800
1207 1804
1207 1809
1207 1816
1207 1823
1207 1826
1207 1832
1207 1833
1207 1839
1207 1868
1207 1879
1207 1886
1207 1888
1207 1898
1209 1242
1209 1243
1209 1250
1209 1278
1209 1290
1209 1291
1209 1331
1209 1339
1209 1340
1209 1344
1209 1352
1209 1367
1209 1375
1209 1376
1209 1390
1209 1407
1209 1416
1209 1431
1209 1522
1209 1528
1209 1554
1209 1557
1209 1572
1209 1597
1209 1600
1209 1612
1209 1620
1209 1622
1209 1644
1209 1659
1209 1663
1209 1688
1209 1710
1209 1717
1209 1721
1209 1724
1209 1730
1209 1735
1209 1737
1209 1746
1209 1750
1209 1752
1209 1754
1209 1757
1209 1789
1209 1791
1209 1796
1209 1800
1209 1804
1209 1816
1209 1819
1209 1827
1209 1835
1209 1867
1209 1886
1209 1888
1210 1212
1210 1226
1210 1268
1210 1294
1210 1300
1210 1318
1210 1320
1210 1332
1210 1358
1210 1408
1210 1425
1210 1427
1210 1446
1210 1549
1210 1565
1210 1574
1210 1606
1210 1671
1210 1692
1210 1740
1210 1743
1210 1744
1210 1766
1210 1767
1210 1778
1210 1831
1210 1844
1211 1214
1211 1222
1211 1230
1211 1243
1211 1250
1211 1267
1211 1269
1211 1287
1211 1289
1211 1291
1211 1293
1211 1302
1211 1305
1211 1330
1211 1331
1211 1335
1211 1336
1211 1341
1211 1351
