1211 1352
1211 1361
1211 1367
1211 1370
1211 1376
1211 1377
1211 1380
1211 1390
1211 1391
1211 1393
1211 1398
1211 1399
1211 1409
1211 1416
1211 1420
1211 1431
1211 1437
1211 1439
1211 1447
1211 1449
1211 1458
1211 1467
1211 1471
1211 1480
1211 1488
1211 1491
1211 1509
1211 1516
1211 1520
1211 1522
1211 1530
1211 1538
1211 1547
1211 1551
1211 1554
1211 1559
1211 1563
1211 1570
1211 1571
1211 1580
1211 1584
1211 1589
1211 1597
1211 1598
1211 1603
1211 1604
1211 1608
1211 1609
1211 1610
1211 1612
1211 1613
1211 1617
1211 1620
1211 1621
1211 1623
1211 1632
1211 1643
1211 1652
1211 1653
1211 1662
1211 1663
1211 1665
1211 1668
1211 1669
1211 1683
1211 1689
1211 1702
1211 1707
1211 1712
1211 1714
1211 1721
1211 1730
1211 1735
1211 1736
1211 1737
1211 1741
1211 1746
1211 1750
1211 1752
1211 1757
1211 1761
1211 1768
1211 1793
1211 1799
1211 1800
1211 1804
1211 1810
1211 1813
1211 1816
1211 1821
1211 1823
1211 1826
1211 1827
1211 1833
1211 1835
1211 1839
1211 1842
1211 1843
1211 1845
1211 1849
1211 1858
1211 1863
1211 1864
1211 1879
1211 1886
1211 1888
1211 1902
1212 1234
1212 1342
1212 1343
1212 1356
1212 1372
1212 1425
1212 1443
1212 1453
1212 1478
1212 1497
1212 1545
1212 1566
1212 1671
1212 1694
1212 1743
1212 1829
1212 1831
1212 1901
1212 1910
1213 1259
1213 1415
1213 1469
1213 1496
1213 1507
1213 1624
1213 1667
1213 1672
1213 1725
1213 1739
1213 1783
1213 1855
1213 1869
1214 1222
1214 1238
1214 1243
1214 1256
1214 1280
1214 1289
1214 1321
1214 1323
1214 1329
1214 1335
1214 1341
1214 1359
1214 1361
1214 1370
1214 1376
1214 1377
1214 1388
1214 1407
1214 1409
1214 1437
1214 1447
1214 1471
1214 1480
1214 1483
1214 1509
1214 1522
1214 1530
1214 1539
1214 1551
1214 1553
1214 1559
1214 1570
1214 1580
1214 1589
1214 1598
1214 1600
1214 1605
1214 1609
1214 1613
1214 1620
1214 1622
1214 1626
1214 1637
1214 1643
1214 1652
1214 1662
1214 1663
1214 1668
1214 1669
1214 1702
1214 1707
1214 1712
1214 1722
1214 1723
1214 1730
1214 1736
1214 1757
1214 1768
1214 1772
1214 1789
1214 1791
1214 1793
1214 1797
1214 1804
1214 1813
1214 1823
1214 1833
1214 1839
1214 1842
1214 1845
1214 1846
1214 1849
1214 1858
1214 1861
1214 1863
1214 1864
1214 1879
1214 1888
1214 1902
1214 1911
1215 1273
1215 1347
1215 1373
1215 1413
1215 1429
1215 1459
1215 1475
1215 1489
1215 1495
1215 1502
1215 1503
1215 1515
1215 1587
1215 1591
1215 1649
1215 1661
1215 1706
1215 1729
1215 1732
1215 1742
1215 1783
1215 1786
1215 1790
1215 1794
1215 1828
1215 1850
1215 1871
1215 1893
1215 1907
1216 1232
1216 1314
1216 1319
1216 1333
1216 1363
1216 1371
1216 1378
1216 1424
1216 1452
1216 1468
1216 1493
1216 1533
1216 1548
1216 1568
1216 1601
1216 1629
1216 1733
1216 1747
1216 1784
1216 1787
1216 1798
1216 1837
1216 1880
1216 1895
1217 1247
1217 1258
1217 1334
1217 1338
1217 1343
1217 1364
1217 1366
1217 1408
1217 1435
1217 1444
1217 1453
1217 1473
1217 1482
1217 1487
1217 1492
1217 1525
1217 1536
1217 1540
1217 1569
1217 1575
1217 1584
1217 1620
1217 1630
1217 1658
1217 1699
1217 1738
1217 1794
1217 1807
1217 1818
1217 1885
1217 1888
1217 1897
1217 1910
1218 1403
1218 1499
1218 1562
1218 1593
1218 1889
1219 1222
1219 1230
1219 1265
1219 1289
1219 1341
1219 1351
1219 1352
1219 1361
1219 1367
1219 1376
1219 1377
1219 1399
1219 1437
1219 1470
1219 1509
1219 1519
1219 1547
1219 1551
1219 1553
1219 1610
1219 1662
1219 1665
1219 1707
1219 1730
1219 1736
1219 1768
1219 1793
1219 1813
1219 1827
1219 1839
1219 1842
1219 1864
1219 1879
1219 1888
1219 1902
1220 1331
1220 1367
1220 1483
1220 1498
1220 1537
1220 1571
1220 1827
1221 1229
1221 1231
1221 1235
1221 1275
1221 1277
1221 1279
1221 1286
1221 1296
1221 1298
1221 1315
1221 1322
1221 1338
1221 1345
1221 1350
1221 1418
1221 1423
1221 1432
1221 1459
1221 1462
1221 1472
1221 1479
1221 1504
1221 1515
1221 1525
1221 1529
1221 1569
1221 1578
1221 1583
1221 1596
1221 1611
1221 1628
1221 1635
1221 1647
1221 1650
1221 1655
1221 1680
1221 1691
1221 1703
1221 1709
1221 1715
1221 1727
1221 1745
1221 1783
1221 1785
1221 1807
1221 1830
1221 1857
1221 1859
1221 1862
1221 1872
1221 1873
1221 1884
1221 1899
1221 1903
1221 1904
1222 1230
1222 1238
1222 1243
1222 1245
1222 1255
1222 1256
1222 1267
1222 1272
1222 1280
1222 1289
1222 1291
1222 1323
1222 1327
1222 1330
1222 1331
1222 1334
1222 1335
1222 1336
1222 1341
1222 1351
1222 1352
1222 1359
1222 1361
1222 1367
1222 1369
1222 1377
1222 1389
1222 1393
1222 1399
1222 1431
1222 1437
1222 1439
1222 1447
1222 1471
1222 1487
1222 1497
1222 1509
1222 1513
1222 1520
1222 1547
1222 1551
1222 1554
1222 1557
1222 1559
1222 1563
1222 1570
1222 1580
1222 1584
1222 1589
1222 1590
1222 1603
1222 1604
1222 1608
1222 1609
1222 1610
1222 1613
1222 1620
1222 1621
1222 1622
1222 1659
1222 1662
1222 1663
1222 1669
1222 1675
1222 1678
1222 1683
1222 1688
1222 1702
1222 1707
1222 1717
1222 1730
1222 1734
1222 1736
1222 1753
1222 1768
1222 1772
1222 1793
1222 1800
1222 1804
1222 1811
1222 1813
1222 1816
1222 1819
1222 1827
1222 1835
1222 1839
1222 1842
1222 1845
1222 1849
1222 1861
1222 1864
1222 1867
1222 1879
1222 1881
1222 1885
1222 1888
1222 1891
1222 1902
1223 1320
1223 1371
1223 1385
1223 1436
1223 1512
1223 1559
1223 1692
1223 1699
1223 1724
1223 1778
1223 1794
1225 1260
1225 1275
1225 1299
1225 1304
1225 1338
1225 1355
1225 1366
1225 1472
1225 1500
1225 1504
1225 1536
1225 1630
1225 1633
1225 1634
1225 1686
1225 1703
1225 1748
1225 1876
1226 1246
1226 1259
1226 1311
1226 1320
1226 1348
1226 1415
1226 1428
1226 1469
1226 1472
1226 1482
1226 1496
1226 1507
1226 1536
1226 1541
1226 1630
1226 1679
1226 1681
1226 1709
1226 1770
1226 1778
1226 1847
1227 1229
1227 1231
1227 1235
1227 1277
1227 1279
1227 1282
1227 1292
1227 1298
1227 1309
1227 1322
1227 1345
1227 1347
1227 1379
1227 1381
1227 1392
1227 1404
1227 1423
1227 1426
1227 1448
1227 1459
1227 1462
1227 1475
1227 1479
1227 1500
1227 1502
1227 1515
1227 1550
1227 1573
1227 1576
1227 1583
1227 1587
1227 1591
1227 1596
1227 1611
1227 1628
1227 1636
1227 1647
1227 1649
1227 1680
1227 1682
1227 1706
1227 1715
1227 1728
1227 1742
1227 1786
1227 1812
1227 1841
1227 1857
1227 1859
1227 1872
1227 1873
1227 1875
1227 1893
1227 1899
1228 1236
1228 1304
1228 1308
1228 1355
1228 1412
1228 1500
1228 1549
1228 1703
1228 1725
1229 1231
1229 1257
1229 1261
1229 1277
1229 1279
1229 1345
1229 1347
1229 1350
1229 1413
1229 1432
1229 1459
1229 1550
1229 1576
1229 1578
1229 1583
1229 1587
1229 1591
1229 1592
1229 1596
1229 1611
1229 1635
1229 1655
1229 1691
1229 1728
1229 1729
1229 1764
1229 1812
1229 1857
1229 1859
1229 1862
1230 1243
1230 1256
1230 1267
1230 1269
1230 1289
1230 1290
1230 1291
1230 1329
1230 1331
1230 1334
1230 1335
1230 1341
1230 1351
1230 1352
1230 1359
1230 1361
1230 1367
1230 1376
1230 1377
1230 1388
1230 1390
1230 1391
1230 1393
1230 1399
1230 1407
1230 1409
1230 1420
1230 1431
1230 1437
1230 1484
1230 1488
1230 1491
1230 1509
1230 1516
1230 1522
1230 1530
1230 1540
1230 1547
1230 1551
1230 1554
1230 1557
1230 1559
1230 1563
1230 1584
1230 1589
1230 1597
1230 1603
1230 1608
1230 1609
1230 1612
1230 1617
1230 1620
1230 1621
1230 1622
1230 1662
1230 1669
1230 1685
1230 1688
1230 1689
1230 1707
1230 1714
1230 1721
1230 1723
1230 1730
1230 1736
1230 1741
1230 1746
1230 1750
1230 1752
1230 1753
1230 1754
1230 1768
1230 1793
1230 1800
1230 1813
1230 1826
1230 1827
1230 1833
1230 1835
1230 1839
1230 1842
1230 1845
1230 1849
1230 1864
1230 1867
1230 1868
1230 1879
1230 1888
1230 1902
1230 1911
1231 1235
1231 1257
1231 1261
1231 1273
1231 1277
1231 1284
1231 1286
1231 1292
1231 1322
1231 1345
1231 1347
1231 1350
1231 1404
1231 1423
1231 1426
1231 1432
1231 1448
1231 1459
1231 1462
1231 1475
1231 1550
1231 1573
1231 1576
1231 1583
1231 1587
1231 1591
1231 1592
1231 1596
1231 1611
1231 1628
1231 1635
1231 1636
1231 1638
1231 1647
1231 1655
1231 1680
1231 1715
1231 1720
1231 1728
1231 1764
1231 1783
1231 1786
1231 1812
1231 1862
1231 1899
1232 1333
1232 1371
1232 1378
1232 1452
1232 1468
1232 1533
1232 1548
1232 1568
1232 1593
1232 1601
1232 1629
1232 1648
1232 1733
1232 1787
1232 1798
1232 1837
1232 1880
1232 1895
1234 1343
1234 1356
1234 1443
1234 1453
1234 1531
1234 1566
1234 1671
1234 1694
1234 1829
1234 1831
1234 1910
1235 1257
1235 1273
1235 1277
1235 1284
1235 1292
1235 1298
1235 1315
1235 1322
1235 1345
1235 1347
1235 1350
1235 1373
1235 1379
1235 1381
1235 1392
1235 1404
1235 1413
1235 1414
1235 1423
1235 1426
1235 1432
1235 1436
1235 1438
1235 1448
1235 1459
1235 1462
1235 1475
1235 1479
1235 1502
1235 1550
1235 1573
1235 1576
1235 1578
1235 1583
1235 1587
1235 1591
1235 1596
1235 1611
1235 1628
1235 1635
1235 1636
1235 1647
1235 1655
1235 1661
1235 1680
1235 1682
1235 1691
1235 1715
1235 1716
1235 1742
1235 1764
1235 1783
1235 1786
1235 1824
1235 1830
1235 1841
1235 1857
1235 1859
1235 1862
1235 1871
1235 1872
1235 1873
1235 1884
1235 1893
1235 1899
1235 1903
1236 1258
1236 1260
1236 1275
1236 1299
1236 1304
1236 1308
1236 1310
1236 1338
1236 1355
1236 1366
1236 1469
1236 1472
1236 1482
1236 1504
1236 1529
1236 1536
1236 1633
1236 1634
1236 1650
1236 1703
1236 1709
1236 1725
1236 1749
1236 1770
1236 1785
1236 1815
1236 1869
1236 1906
1237 1313
1237 1318
1237 1320
1237 1332
1237 1349
1237 1358
1237 1374
1237 1390
1237 1397
1237 1420
1237 1427
1237 1464
1237 1473
1237 1487
1237 1512
1237 1514
1237 1526
1237 1543
1237 1574
1237 1616
1237 1673
1237 1677
1237 1692
1237 1744
1237 1746
1237 1763
1237 1766
1237 1778
1237 1800
1237 1833
1237 1853
1237 1882
1238 1250
1238 1255
1238 1256
1238 1271
1238 1280
1238 1285
1238 1287
1238 1288
1238 1289
1238 1293
1238 1302
1238 1323
1238 1330
1238 1331
1238 1335
1238 1336
1238 1359
1238 1361
1238 1370
1238 1376
1238 1377
1238 1380
1238 1388
1238 1391
1238 1402
1238 1409
1238 1420
1238 1431
1238 1447
1238 1456
1238 1457
1238 1470
1238 1471
1238 1483
1238 1487
1238 1488
1238 1497
1238 1509
1238 1517
1238 1520
1238 1522
1238 1530
1238 1535
1238 1539
1238 1542
1238 1547
1238 1551
1238 1559
1238 1571
1238 1580
1238 1584
1238 1589
1238 1598
1238 1604
1238 1605
1238 1608
1238 1609
1238 1610
1238 1612
1238 1613
1238 1614
1238 1619
1238 1620
1238 1637
1238 1662
1238 1663
1238 1665
1238 1668
1238 1675
1238 1688
1238 1689
1238 1707
1238 1712
1238 1714
1238 1717
1238 1722
1238 1723
1238 1730
1238 1741
1238 1746
1238 1757
1238 1768
1238 1772
1238 1791
1238 1793
1238 1800
1238 1804
1238 1809
1238 1813
1238 1816
1238 1826
1238 1832
1238 1833
1238 1839
1238 1842
1238 1845
1238 1849
1238 1867
1238 1868
1238 1879
1238 1881
1238 1888
1238 1898
1238 1900
1238 1902
1239 1399
1239 1644
1239 1721
1239 1730
1239 1845
1240 1353
1240 1394
1240 1642
1240 1693
1241 1273
1241 1338
1241 1373
1241 1481
1241 1502
1241 1503
1241 1536
1241 1649
1241 1686
1241 1783
1241 1850
1241 1876
1242 1250
1242 1267
1242 1278
1242 1291
1242 1339
1242 1340
1242 1341
1242 1344
1242 1352
1242 1367
1242 1375
1242 1376
1242 1390
1242 1399
1242 1407
1242 1416
1242 1431
1242 1471
1242 1480
1242 1491
1242 1516
1242 1524
1242 1538
1242 1554
1242 1557
1242 1559
1242 1572
1242 1584
1242 1589
1242 1597
1242 1600
1242 1603
1242 1612
1242 1613
1242 1620
1242 1622
1242 1623
1242 1644
1242 1652
1242 1653
1242 1659
1242 1683
1242 1688
1242 1689
1242 1714
1242 1717
1242 1724
1242 1730
1242 1746
1242 1750
1242 1752
1242 1789
1242 1795
1242 1796
1242 1800
1242 1804
1242 1810
1242 1816
1242 1819
1242 1823
1242 1827
1242 1833
1242 1835
1242 1839
1242 1861
1242 1867
1242 1877
1242 1888
1243 1267
1243 1269
1243 1290
1243 1323
1243 1329
1243 1330
1243 1334
1243 1351
1243 1352
1243 1376
1243 1377
1243 1399
1243 1420
1243 1431
1243 1451
1243 1483
1243 1497
1243 1509
1243 1522
1243 1528
1243 1530
1243 1554
1243 1559
1243 1563
1243 1570
1243 1584
1243 1589
1243 1590
1243 1604
1243 1608
1243 1609
1243 1610
1243 1612
1243 1613
1243 1620
1243 1621
1243 1623
1243 1637
1243 1639
1243 1643
1243 1659
1243 1662
1243 1663
1243 1669
1243 1675
1243 1688
1243 1714
1243 1721
1243 1723
1243 1730
1243 1735
1243 1746
1243 1753
1243 1754
1243 1761
1243 1765
1243 1768
1243 1791
1243 1799
1243 1800
1243 1804
1243 1811
1243 1813
1243 1827
1243 1833
1243 1835
1243 1842
1243 1849
1243 1861
1243 1867
1243 1885
1243 1888
1243 1902
1244 1428
1244 1472
1244 1591
1244 1630
1244 1703
1244 1770
1244 1781
1245 1261
1245 1281
1245 1282
1245 1309
1245 1316
1245 1373
1245 1382
1245 1396
1245 1406
1245 1451
1245 1454
1245 1495
1245 1508
1245 1582
1245 1661
1245 1683
1245 1742
1245 1751
1245 1783
1245 1786
1245 1820
1245 1824
1245 1828
1245 1848
1245 1871
1246 1296
1246 1322
1246 1338
1246 1366
1246 1418
1246 1425
1246 1469
1246 1481
1246 1482
1246 1504
1246 1569
1246 1611
1246 1630
1246 1635
1246 1646
1246 1699
1246 1738
1246 1749
1246 1781
1246 1783
1246 1785
1246 1807
1246 1862
1246 1872
1246 1875
1246 1903
1247 1273
1247 1408
1247 1429
1247 1453
1247 1502
1247 1503
1247 1575
1247 1604
1247 1649
1247 1725
1247 1729
1247 1794
1247 1807
1247 1818
1247 1850
1247 1885
1247 1897
1248 1401
1248 1725
1248 1749
1248 1785
1249 1258
1249 1306
1249 1338
1249 1428
1249 1703
1249 1748
1249 1756
1249 1831
1250 1255
1250 1256
1250 1271
1250 1278
1250 1287
1250 1288
1250 1293
1250 1330
1250 1335
1250 1339
1250 1340
1250 1341
1250 1344
1250 1352
1250 1367
1250 1375
1250 1376
1250 1380
1250 1390
1250 1399
1250 1402
1250 1416
1250 1420
1250 1431
1250 1435
1250 1456
1250 1488
1250 1491
1250 1522
1250 1524
1250 1530
1250 1532
1250 1547
1250 1554
1250 1557
1250 1559
1250 1572
1250 1584
1250 1589
1250 1597
1250 1600
1250 1603
1250 1608
1250 1610
1250 1612
1250 1613
1250 1617
1250 1619
1250 1620
1250 1622
1250 1623
1250 1632
1250 1644
1250 1652
1250 1653
1250 1659
1250 1662
1250 1663
1250 1683
1250 1685
1250 1688
1250 1689
1250 1707
1250 1712
1250 1714
1250 1717
1250 1721
1250 1724
1250 1730
1250 1736
1250 1737
1250 1741
1250 1746
1250 1750
1250 1752
1250 1754
1250 1757
1250 1765
1250 1768
1250 1771
1250 1789
1250 1793
1250 1795
1250 1796
1250 1799
1250 1800
1250 1804
1250 1810
1250 1816
1250 1819
1250 1827
1250 1833
1250 1839
1250 1849
1250 1861
1250 1867
1250 1877
1250 1879
1250 1888
1250 1902
1251 1307
1251 1410
1251 1421
1251 1555
1251 1687
1251 1705
1251 1825
1252 1254
1254 1368
1255 1269
1255 1272
1255 1280
1255 1291
1255 1302
1255 1305
1255 1312
1255 1321
1255 1323
1255 1329
1255 1334
1255 1341
1255 1352
1255 1359
1255 1361
1255 1367
1255 1369
1255 1376
1255 1377
1255 1390
1255 1391
1255 1399
1255 1405
1255 1409
1255 1416
1255 1420
1255 1431
1255 1447
1255 1467
1255 1471
1255 1509
1255 1513
1255 1516
1255 1520
1255 1522
1255 1528
1255 1539
1255 1551
1255 1554
1255 1559
1255 1563
1255 1570
1255 1584
1255 1589
1255 1590
1255 1600
1255 1603
1255 1604
1255 1608
1255 1609
1255 1610
1255 1612
1255 1613
1255 1614
1255 1617
1255 1621
1255 1622
1255 1626
1255 1637
1255 1639
1255 1643
1255 1659
1255 1662
1255 1663
1255 1669
1255 1675
1255 1683
1255 1714
1255 1717
1255 1721
1255 1730
1255 1735
1255 1737
1255 1746
1255 1750
1255 1752
1255 1753
1255 1757
1255 1765
1255 1768
1255 1791
1255 1799
1255 1800
1255 1805
1255 1813
1255 1819
1255 1827
1255 1833
1255 1835
1255 1846
1255 1888
1255 1891
1255 1902
1256 1271
1256 1285
1256 1288
1256 1289
1256 1302
1256 1330
1256 1331
1256 1335
1256 1336
1256 1341
1256 1351
1256 1359
1256 1361
1256 1367
1256 1370
1256 1377
1256 1380
1256 1388
1256 1390
1256 1399
1256 1409
1256 1431
1256 1447
1256 1456
1256 1457
1256 1458
1256 1470
1256 1471
1256 1480
1256 1483
1256 1488
1256 1509
1256 1516
1256 1520
1256 1524
1256 1542
1256 1547
1256 1551
1256 1554
1256 1559
1256 1563
1256 1589
1256 1598
1256 1604
1256 1605
1256 1610
1256 1613
1256 1619
1256 1620
1256 1621
1256 1637
1256 1639
1256 1652
1256 1662
1256 1663
1256 1665
1256 1668
1256 1707
1256 1712
1256 1714
1256 1717
1256 1722
1256 1736
1256 1741
1256 1746
1256 1757
1256 1768
1256 1789
1256 1791
1256 1796
1256 1800
1256 1804
1256 1809
1256 1813
1256 1816
1256 1826
1256 1832
1256 1833
1256 1835
1256 1839
1256 1849
1256 1863
1256 1864
1256 1868
1256 1879
1256 1888
1256 1898
1256 1900
1256 1902
1257 1284
1257 1292
1257 1315
1257 1322
1257 1345
1257 1404
1257 1413
1257 1426
1257 1432
1257 1459
1257 1462
1257 1479
1257 1573
1257 1576
1257 1583
1257 1587
1257 1591
1257 1592
1257 1596
1257 1635
1257 1636
1257 1647
1257 1655
1257 1680
1257 1691
1257 1790
1257 1841
1257 1857
1257 1859
1257 1862
1257 1872
1258 1260
1258 1275
1258 1304
1258 1306
1258 1334
1258 1338
1258 1343
1258 1355
1258 1366
1258 1435
1258 1444
1258 1473
1258 1492
1258 1525
1258 1536
1258 1569
1258 1584
1258 1630
1258 1634
1258 1658
1258 1703
1258 1709
1258 1738
1258 1781
1258 1807
1258 1815
1258 1818
1259 1260
1259 1275
1259 1311
1259 1338
1259 1348
1259 1362
1259 1415
1259 1469
1259 1472
1259 1482
1259 1496
1259 1504
1259 1507
1259 1536
1259 1541
1259 1624
1259 1630
1259 1667
1259 1672
1259 1709
1259 1725
1259 1745
1259 1770
1259 1783
1259 1815
1259 1904
1259 1906
1260 1275
1260 1299
1260 1304
1260 1308
1260 1338
1260 1355
1260 1366
1260 1469
1260 1472
1260 1504
1260 1525
1260 1630
1260 1633
1260 1634
1260 1686
1260 1703
1260 1709
1260 1725
1260 1815
1260 1876
1261 1273
1261 1277
1261 1281
1261 1282
1261 1292
1261 1309
1261 1316
1261 1324
1261 1345
1261 1373
1261 1382
1261 1396
1261 1406
1261 1451
1261 1454
1261 1475
1261 1495
1261 1508
1261 1515
1261 1582
1261 1583
1261 1595
1261 1638
1261 1661
1261 1729
1261 1732
1261 1742
1261 1751
1261 1783
1261 1786
1261 1812
1261 1820
1261 1824
1261 1828
1261 1848
1261 1850
1261 1857
1261 1871
1261 1872
1261 1893
1261 1894
1261 1907
1262 1835
1263 1591
1263 1783
1264 1295
1264 1725
1264 1749
1265 1269
1265 1323
1265 1329
1265 1376
1265 1377
1265 1460
1265 1484
1265 1513
1265 1520
1265 1528
1265 1570
1265 1590
1265 1608
1265 1609
1265 1768
1265 1782
1265 1811
1265 1861
1265 1891
1266 1431
1266 1434
1266 1441
1266 1564
1266 1585
1266 1666
1266 1779
1266 1822
1266 1905
1267 1269
1267 1272
1267 1287
1267 1289
1267 1291
1267 1302
1267 1335
1267 1336
1267 1339
1267 1341
1267 1352
1267 1365
1267 1370
1267 1376
1267 1377
1267 1390
1267 1391
1267 1399
1267 1402
1267 1431
1267 1447
1267 1467
1267 1483
1267 1491
1267 1509
1267 1516
1267 1520
1267 1522
1267 1530
1267 1557
1267 1559
1267 1570
1267 1584
1267 1589
1267 1590
1267 1597
1267 1603
1267 1608
1267 1612
1267 1613
1267 1617
1267 1621
1267 1622
1267 1623
1267 1643
1267 1644
1267 1662
1267 1663
1267 1668
1267 1689
1267 1707
1267 1712
1267 1714
1267 1717
1267 1723
1267 1730
1267 1735
1267 1736
1267 1746
1267 1750
1267 1752
1267 1753
1267 1761
1267 1768
1267 1791
1267 1793
1267 1795
1267 1796
1267 1799
1267 1800
1267 1804
1267 1823
1267 1827
1267 1833
1267 1835
1267 1839
1267 1849
1267 1867
1267 1868
1267 1886
1267 1888
1267 1891
1268 1343
1268 1529
1268 1531
1268 1814
1268 1876
1268 1910
1269 1291
1269 1302
1269 1305
1269 1312
1269 1329
1269 1331
1269 1334
1269 1352
1269 1367
1269 1376
1269 1377
1269 1388
1269 1391
1269 1399
1269 1409
1269 1420
1269 1431
1269 1439
1269 1456
1269 1460
1269 1467
1269 1471
1269 1480
1269 1484
1269 1491
1269 1509
1269 1513
1269 1516
1269 1522
1269 1528
1269 1538
1269 1547
1269 1554
1269 1557
1269 1559
1269 1570
1269 1580
1269 1584
1269 1589
1269 1600
1269 1603
1269 1608
1269 1609
1269 1610
1269 1612
1269 1613
1269 1617
1269 1621
1269 1622
1269 1623
1269 1637
1269 1643
1269 1663
1269 1668
1269 1669
1269 1675
1269 1685
1269 1688
1269 1714
1269 1721
1269 1730
1269 1735
1269 1736
1269 1746
1269 1750
1269 1753
1269 1754
1269 1757
1269 1761
1269 1768
1269 1782
1269 1799
1269 1800
1269 1804
1269 1810
1269 1816
1269 1819
1269 1823
1269 1827
1269 1833
1269 1835
1269 1845
1269 1864
1269 1879
1269 1886
1269 1888
1269 1891
1270 1711
1271 1280
1271 1285
1271 1288
1271 1291
1271 1302
1271 1330
1271 1331
1271 1336
1271 1352
1271 1370
1271 1380
1271 1390
1271 1391
1271 1399
1271 1402
1271 1431
1271 1447
1271 1449
1271 1456
1271 1457
1271 1471
1271 1480
1271 1483
1271 1488
1271 1559
1271 1584
1271 1598
1271 1604
1271 1605
1271 1610
1271 1612
1271 1613
1271 1619
1271 1663
1271 1665
1271 1668
1271 1707
1271 1712
1271 1714
1271 1717
1271 1722
1271 1741
1271 1746
1271 1757
1271 1768
1271 1793
1271 1800
1271 1804
1271 1809
1271 1816
1271 1826
1271 1832
1271 1833
1271 1849
1271 1868
1271 1879
1271 1888
1271 1898
1271 1902
1272 1305
1272 1312
1272 1327
1272 1329
1272 1352
1272 1367
1272 1369
1272 1376
1272 1391
1272 1402
1272 1405
1272 1420
1272 1431
1272 1449
1272 1460
1272 1467
1272 1485
1272 1488
1272 1491
1272 1509
1272 1513
1272 1516
1272 1520
1272 1551
1272 1554
1272 1559
1272 1563
1272 1584
1272 1585
1272 1589
1272 1590
1272 1603
1272 1610
1272 1612
1272 1613
1272 1622
1272 1639
1272 1644
1272 1662
1272 1669
1272 1685
1272 1714
1272 1723
1272 1730
1272 1735
1272 1753
1272 1761
1272 1765
1272 1793
1272 1799
1272 1800
1272 1804
1272 1813
1272 1823
1272 1833
1272 1835
1272 1836
1272 1839
1272 1846
1272 1886
1272 1888
1272 1891
1273 1282
1273 1286
1273 1316
1273 1373
1273 1382
1273 1396
1273 1412
1273 1429
1273 1432
1273 1451
1273 1454
1273 1489
1273 1502
1273 1503
1273 1508
1273 1515
1273 1595
1273 1649
1273 1704
1273 1725
1273 1729
1273 1742
1273 1751
1273 1783
1273 1786
1273 1794
1273 1820
1273 1824
1273 1830
1273 1848
1273 1850
1273 1871
1273 1893
1274 1307
1274 1325
1274 1433
1274 1445
1274 1511
1274 1553
1274 1567
1274 1588
1274 1593
1274 1615
1274 1656
1274 1687
1274 1698
1274 1708
1274 1806
1274 1825
1274 1866
1274 1908
1275 1296
1275 1299
1275 1310
1275 1338
1275 1348
1275 1355
1275 1366
1275 1418
1275 1469
1275 1472
1275 1473
1275 1482
1275 1496
1275 1500
1275 1504
1275 1525
1275 1536
1275 1624
1275 1630
1275 1633
1275 1672
1275 1703
1275 1709
1275 1770
1275 1781
1275 1783
1275 1785
1275 1815
1275 1828
1275 1869
1275 1876
1275 1904
1275 1906
1276 1791
1277 1282
1277 1284
1277 1286
1277 1292
1277 1298
1277 1303
1277 1309
1277 1322
1277 1345
1277 1347
1277 1350
1277 1379
1277 1381
1277 1382
1277 1392
1277 1404
1277 1413
1277 1414
1277 1417
1277 1423
1277 1426
1277 1432
1277 1438
1277 1448
1277 1454
1277 1459
1277 1462
1277 1475
1277 1479
1277 1508
1277 1515
1277 1550
1277 1573
1277 1576
1277 1578
1277 1583
1277 1587
1277 1591
1277 1595
1277 1596
1277 1611
1277 1628
1277 1635
1277 1636
1277 1647
1277 1655
1277 1661
1277 1680
1277 1691
1277 1715
1277 1716
1277 1720
1277 1728
1277 1729
1277 1742
1277 1751
1277 1764
1277 1783
1277 1786
1277 1790
1277 1812
1277 1820
1277 1824
1277 1841
1277 1848
1277 1857
1277 1859
1277 1862
1277 1871
1277 1872
1277 1873
1277 1875
1277 1884
1277 1893
1277 1894
1277 1899
1277 1903
1278 1344
1278 1367
1278 1375
1278 1416
1278 1471
1278 1523
1278 1524
1278 1572
1278 1688
1278 1724
1278 1730
1278 1746
1278 1750
1278 1757
1278 1771
1278 1800
1278 1810
1278 1827
1278 1867
1279 1292
1279 1298
1279 1322
1279 1345
1279 1347
1279 1379
1279 1404
1279 1432
1279 1448
1279 1459
1279 1462
1279 1475
1279 1479
1279 1576
1279 1583
1279 1587
1279 1596
1279 1611
1279 1628
1279 1636
1279 1691
1279 1715
1279 1716
1279 1728
1279 1786
1279 1857
1279 1899
1280 1330
1280 1331
1280 1352
1280 1359
1280 1388
1280 1391
1280 1402
1280 1409
1280 1431
1280 1447
1280 1456
1280 1470
1280 1483
1280 1488
1280 1509
1280 1535
1280 1551
1280 1570
1280 1598
1280 1604
1280 1605
1280 1608
1280 1609
1280 1637
1280 1662
1280 1663
1280 1670
1280 1674
1280 1707
1280 1722
1280 1723
1280 1736
1280 1741
1280 1768
1280 1791
1280 1793
1280 1804
1280 1809
1280 1813
1280 1832
1280 1835
1280 1839
1280 1842
1280 1849
1280 1861
1280 1868
1280 1902
1281 1282
1281 1309
1281 1373
1281 1396
1281 1429
1281 1495
1281 1502
1281 1508
1281 1515
1281 1582
1281 1595
1281 1638
1281 1661
1281 1715
1281 1720
1281 1729
1281 1742
1281 1751
1281 1783
1281 1786
1281 1820
1281 1824
1281 1828
1281 1844
1281 1871
1281 1893
1281 1894
1281 1907
1282 1286
1282 1303
1282 1309
1282 1324
1282 1347
1282 1373
1282 1381
1282 1382
1282 1396
1282 1406
1282 1451
1282 1454
1282 1459
1282 1475
1282 1495
1282 1502
1282 1508
1282 1515
1282 1582
1282 1591
1282 1595
1282 1630
1282 1638
1282 1649
1282 1661
1282 1729
1282 1732
1282 1742
1282 1751
1282 1783
1282 1786
1282 1812
1282 1820
1282 1824
1282 1828
1282 1871
1282 1893
1282 1894
1283 1301
1283 1321
1283 1327
1283 1369
1283 1384
1283 1411
1283 1421
1283 1477
1283 1505
1283 1520
1283 1523
1283 1540
1283 1554
1283 1626
1283 1641
1283 1683
1283 1803
1283 1817
1283 1827
1283 1852
1283 1858
1283 1863
1283 1891
1283 1911
1284 1298
1284 1315
1284 1322
1284 1345
1284 1392
1284 1404
1284 1413
1284 1423
1284 1426
1284 1454
1284 1459
1284 1462
1284 1475
1284 1479
1284 1492
1284 1502
1284 1550
1284 1573
1284 1576
1284 1583
1284 1587
1284 1591
1284 1628
1284 1636
1284 1647
1284 1655
1284 1680
1284 1691
1284 1715
1284 1720
1284 1728
1284 1742
1284 1764
1284 1790
1284 1820
1284 1841
1284 1857
1284 1859
1284 1899
1284 1907
1285 1288
1285 1336
1285 1370
1285 1380
1285 1391
1285 1399
1285 1431
1285 1447
1285 1456
1285 1457
1285 1471
1285 1488
1285 1547
1285 1598
1285 1610
1285 1619
1285 1662
1285 1665
1285 1668
1285 1707
1285 1712
1285 1736
1285 1793
1285 1809
1285 1832
1285 1839
1285 1849
1285 1868
1285 1879
1285 1888
1285 1898
1285 1900
1286 1322
1286 1459
1286 1462
1286 1583
1286 1591
1286 1611
1286 1628
1286 1820
1286 1887
1286 1893
1287 1293
1287 1329
1287 1331
1287 1352
1287 1367
1287 1370
1287 1375
1287 1390
1287 1399
1287 1456
1287 1471
1287 1516
1287 1547
1287 1554
1287 1557
1287 1559
1287 1584
1287 1589
1287 1598
1287 1610
1287 1612
1287 1617
1287 1621
1287 1623
1287 1663
1287 1712
1287 1714
1287 1730
1287 1735
1287 1746
1287 1757
1287 1795
1287 1799
1287 1800
1287 1804
1287 1816
1287 1823
1287 1826
1287 1827
1287 1833
1287 1845
1287 1864
1287 1867
1287 1886
1287 1888
1288 1289
1288 1330
1288 1331
1288 1335
1288 1336
1288 1352
1288 1359
1288 1370
1288 1380
1288 1388
1288 1390
1288 1391
1288 1399
1288 1402
1288 1431
1288 1447
1288 1456
1288 1457
1288 1470
1288 1471
1288 1488
1288 1491
1288 1542
1288 1547
1288 1598
1288 1605
1288 1610
1288 1619
1288 1621
1288 1622
1288 1663
1288 1665
1288 1668
1288 1707
1288 1712
1288 1714
1288 1717
1288 1736
1288 1741
1288 1746
1288 1757
1288 1800
1288 1804
1288 1809
1288 1810
1288 1816
1288 1826
1288 1832
1288 1833
1288 1839
1288 1842
1288 1849
1288 1868
1288 1879
1288 1888
1288 1898
1288 1900
1289 1291
1289 1335
1289 1352
1289 1367
1289 1390
1289 1399
1289 1431
1289 1437
1289 1471
1289 1483
1289 1491
1289 1530
1289 1547
1289 1551
1289 1577
1289 1584
1289 1589
1289 1598
1289 1603
1289 1604
1289 1612
1289 1613
1289 1617
1289 1619
1289 1622
1289 1632
1289 1643
1289 1663
1289 1665
1289 1668
1289 1707
1289 1714
1289 1730
1289 1736
1289 1750
1289 1768
1289 1791
1289 1795
1289 1804
1289 1809
1289 1823
1289 1827
1289 1833
1289 1839
1289 1842
1289 1864
1289 1879
1289 1886
1289 1888
1290 1312
1290 1329
1290 1335
1290 1339
1290 1352
1290 1365
1290 1377
1290 1390
1290 1393
1290 1407
1290 1416
1290 1420
1290 1460
1290 1520
1290 1522
1290 1523
1290 1524
1290 1528
1290 1554
1290 1557
1290 1559
1290 1563
1290 1570
1290 1589
1290 1590
1290 1597
1290 1600
1290 1609
1290 1612
1290 1613
1290 1614
1290 1619
1290 1620
1290 1622
1290 1632
1290 1659
1290 1663
1290 1669
1290 1683
1290 1688
1290 1689
1290 1700
1290 1721
1290 1730
1290 1746
1290 1750
1290 1752
1290 1753
1290 1754
1290 1768
1290 1791
1290 1793
1290 1796
1290 1800
1290 1827
1290 1833
1290 1835
1290 1845
1290 1864
1290 1867
1290 1891
1291 1302
1291 1329
1291 1334
1291 1335
1291 1341
1291 1352
1291 1370
1291 1376
1291 1377
1291 1390
1291 1391
1291 1398
1291 1399
1291 1401
1291 1416
1291 1420
1291 1431
1291 1437
1291 1467
1291 1471
1291 1488
1291 1491
1291 1516
1291 1530
1291 1547
1291 1551
1291 1559
1291 1570
1291 1584
1291 1589
1291 1590
1291 1597
1291 1598
1291 1603
1291 1608
1291 1613
1291 1619
1291 1621
1291 1622
1291 1637
1291 1643
1291 1663
1291 1668
1291 1675
1291 1707
1291 1712
1291 1714
1291 1730
1291 1736
1291 1741
1291 1746
1291 1750
1291 1752
1291 1754
1291 1761
1291 1768
1291 1789
1291 1791
1291 1793
1291 1795
1291 1800
1291 1804
1291 1810
1291 1813
1291 1823
1291 1827
1291 1833
1291 1835
1291 1839
1291 1842
1291 1864
1291 1879
1291 1888
1292 1298
1292 1315
1292 1322
1292 1345
1292 1347
1292 1379
1292 1392
1292 1404
1292 1438
1292 1459
1292 1462
1292 1475
1292 1479
1292 1550
1292 1573
1292 1576
1292 1583
1292 1591
1292 1596
1292 1611
1292 1628
1292 1636
1292 1647
1292 1682
1292 1691
1292 1716
1292 1720
1292 1783
1292 1841
1292 1857
1292 1862
1292 1887
1292 1899
1293 1305
1293 1331
1293 1335
1293 1339
1293 1340
1293 1352
1293 1367
1293 1376
1293 1488
1293 1516
1293 1522
1293 1554
1293 1557
1293 1589
1293 1605
1293 1608
1293 1613
1293 1617
1293 1621
1293 1632
1293 1653
1293 1662
1293 1689
1293 1707
1293 1714
1293 1730
1293 1746
1293 1768
1293 1796
1293 1800
1293 1826
1293 1835
1293 1888
1294 1425
1294 1427
1294 1464
1294 1549
1294 1602
1294 1625
1294 1671
1294 1766
1294 1801
1294 1844
1295 1785
1296 1338
1296 1385
1296 1418
1296 1472
1296 1496
1296 1504
1296 1525
1296 1529
1296 1630
1296 1694
1296 1745
1296 1770
1296 1785
1296 1831
1297 1387
1297 1486
1297 1549
1298 1315
1298 1322
1298 1345
1298 1347
1298 1350
1298 1379
1298 1381
1298 1404
1298 1413
1298 1423
1298 1426
1298 1438
1298 1448
1298 1459
1298 1462
1298 1475
1298 1479
1298 1573
1298 1583
1298 1587
1298 1591
1298 1596
1298 1611
1298 1628
1298 1635
1298 1636
1298 1680
1298 1691
1298 1715
1298 1716
1298 1720
1298 1728
1298 1786
1298 1841
1298 1857
1298 1859
1298 1862
1298 1873
1298 1884
1298 1899
1298 1903
1299 1304
1299 1310
1299 1355
1299 1366
1299 1469
1299 1472
1299 1482
1299 1500
1299 1504
1299 1525
1299 1536
1299 1634
1299 1681
1299 1686
1299 1703
1299 1727
1299 1876
1300 1313
1300 1320
1300 1349
1300 1357
1300 1358
1300 1374
1300 1427
1300 1514
1300 1574
1300 1606
1300 1645
1300 1673
1300 1694
1300 1740
1300 1744
1301 1369
1301 1518
1302 1305
1302 1329
1302 1331
1302 1352
1302 1367
1302 1370
1302 1376
1302 1377
1302 1390
1302 1391
1302 1399
1302 1431
1302 1449
1302 1456
1302 1467
1302 1471
1302 1488
1302 1491
1302 1516
1302 1517
1302 1538
1302 1557
1302 1584
1302 1589
1302 1598
1302 1603
1302 1604
1302 1610
1302 1612
1302 1613
1302 1617
1302 1619
1302 1621
1302 1622
1302 1659
1302 1663
1302 1665
1302 1668
1302 1669
1302 1707
1302 1712
1302 1714
1302 1735
1302 1736
1302 1746
1302 1750
1302 1752
1302 1757
1302 1761
1302 1768
1302 1791
1302 1799
1302 1800
1302 1804
1302 1810
1302 1816
1302 1823
1302 1826
