1302 1827
1302 1833
1302 1835
1302 1839
1302 1886
1302 1888
1302 1900
1303 1396
1303 1426
1303 1427
1303 1429
1303 1495
1303 1502
1303 1573
1303 1582
1303 1595
1303 1661
1303 1729
1303 1732
1303 1742
1303 1751
1303 1764
1303 1783
1303 1786
1303 1812
1303 1820
1303 1824
1303 1828
1303 1871
1303 1893
1303 1894
1304 1308
1304 1310
1304 1355
1304 1366
1304 1473
1304 1500
1304 1536
1304 1634
1304 1703
1304 1709
1304 1725
1304 1759
1304 1785
1304 1815
1304 1840
1304 1876
1305 1312
1305 1341
1305 1352
1305 1367
1305 1376
1305 1390
1305 1391
1305 1398
1305 1402
1305 1409
1305 1420
1305 1431
1305 1440
1305 1449
1305 1467
1305 1471
1305 1480
1305 1485
1305 1488
1305 1509
1305 1513
1305 1516
1305 1524
1305 1538
1305 1559
1305 1563
1305 1570
1305 1584
1305 1589
1305 1590
1305 1603
1305 1610
1305 1612
1305 1613
1305 1614
1305 1617
1305 1621
1305 1622
1305 1637
1305 1656
1305 1663
1305 1668
1305 1683
1305 1714
1305 1730
1305 1735
1305 1746
1305 1757
1305 1761
1305 1768
1305 1769
1305 1774
1305 1782
1305 1799
1305 1800
1305 1804
1305 1805
1305 1813
1305 1823
1305 1833
1305 1835
1305 1836
1305 1846
1305 1852
1305 1860
1305 1863
1305 1877
1305 1886
1305 1888
1306 1338
1306 1348
1306 1366
1306 1428
1306 1472
1306 1504
1306 1507
1306 1525
1306 1624
1306 1703
1306 1738
1306 1748
1306 1756
1307 1325
1307 1360
1307 1421
1307 1433
1307 1494
1307 1511
1307 1553
1307 1555
1307 1567
1307 1588
1307 1593
1307 1615
1307 1687
1307 1698
1307 1705
1307 1708
1307 1806
1307 1825
1307 1866
1308 1310
1308 1355
1308 1366
1308 1472
1308 1634
1308 1703
1308 1759
1308 1785
1309 1322
1309 1345
1309 1373
1309 1382
1309 1392
1309 1454
1309 1495
1309 1508
1309 1515
1309 1582
1309 1583
1309 1661
1309 1720
1309 1732
1309 1742
1309 1751
1309 1783
1309 1786
1309 1812
1309 1820
1309 1841
1309 1848
1309 1871
1309 1893
1309 1894
1310 1338
1310 1355
1310 1366
1310 1472
1310 1504
1310 1536
1310 1630
1310 1633
1310 1634
1310 1686
1310 1703
1310 1876
1311 1348
1311 1366
1311 1415
1311 1472
1311 1482
1311 1496
1311 1507
1311 1541
1311 1549
1311 1630
1311 1667
1311 1681
1311 1770
1311 1783
1312 1329
1312 1352
1312 1361
1312 1367
1312 1369
1312 1376
1312 1391
1312 1398
1312 1405
1312 1420
1312 1431
1312 1467
1312 1485
1312 1513
1312 1520
1312 1522
1312 1544
1312 1557
1312 1563
1312 1570
1312 1584
1312 1589
1312 1590
1312 1603
1312 1612
1312 1613
1312 1614
1312 1617
1312 1621
1312 1622
1312 1637
1312 1663
1312 1675
1312 1685
1312 1714
1312 1717
1312 1718
1312 1730
1312 1734
1312 1736
1312 1750
1312 1765
1312 1768
1312 1793
1312 1795
1312 1819
1312 1827
1312 1833
1312 1835
1312 1846
1312 1864
1312 1879
1312 1883
1312 1888
1313 1320
1313 1358
1313 1374
1313 1427
1313 1446
1313 1512
1313 1543
1313 1565
1313 1660
1313 1671
1313 1673
1313 1692
1313 1694
1313 1844
1313 1878
1314 1333
1314 1378
1314 1424
1314 1533
1314 1548
1314 1601
1314 1733
1314 1747
1314 1784
1314 1787
1314 1798
1314 1802
1314 1837
1314 1880
1314 1895
1315 1322
1315 1345
1315 1413
1315 1423
1315 1438
1315 1459
1315 1462
1315 1479
1315 1573
1315 1576
1315 1583
1315 1611
1315 1636
1315 1647
1315 1655
1315 1680
1315 1682
1315 1715
1315 1841
1315 1857
1315 1875
1315 1884
1315 1899
1315 1903
1316 1322
1316 1382
1316 1396
1316 1423
1316 1454
1316 1583
1316 1661
1316 1729
1316 1732
1316 1742
1316 1783
1316 1786
1316 1820
1316 1824
1316 1828
1316 1871
1316 1894
1317 1369
1317 1505
1317 1534
1317 1561
1317 1564
1317 1567
1317 1641
1317 1656
1317 1701
1317 1803
1317 1838
1318 1320
1318 1332
1318 1358
1318 1427
1318 1446
1318 1464
1318 1543
1318 1549
1318 1565
1318 1602
1318 1606
1318 1625
1318 1645
1318 1695
1318 1740
1318 1744
1318 1763
1318 1766
1318 1773
1318 1844
1318 1870
1318 1878
1318 1881
1318 1882
1319 1333
1319 1371
1319 1378
1319 1452
1319 1468
1319 1493
1319 1533
1319 1548
1319 1568
1319 1601
1319 1648
1319 1733
1319 1747
1319 1798
1319 1837
1319 1880
1319 1895
1320 1332
1320 1349
1320 1357
1320 1358
1320 1374
1320 1400
1320 1425
1320 1427
1320 1512
1320 1514
1320 1545
1320 1565
1320 1574
1320 1606
1320 1616
1320 1625
1320 1645
1320 1673
1320 1677
1320 1679
1320 1692
1320 1694
1320 1695
1320 1740
1320 1744
1320 1766
1320 1767
1320 1778
1320 1844
1320 1870
1320 1882
1321 1327
1321 1337
1321 1361
1321 1509
1321 1521
1321 1561
1321 1626
1321 1702
1321 1774
1321 1780
1321 1813
1321 1858
1321 1863
1321 1865
1321 1909
1321 1911
1322 1345
1322 1347
1322 1379
1322 1381
1322 1392
1322 1404
1322 1413
1322 1414
1322 1423
1322 1426
1322 1432
1322 1438
1322 1448
1322 1459
1322 1462
1322 1475
1322 1479
1322 1502
1322 1550
1322 1569
1322 1573
1322 1576
1322 1583
1322 1587
1322 1591
1322 1592
1322 1596
1322 1611
1322 1628
1322 1635
1322 1636
1322 1680
1322 1682
1322 1691
1322 1715
1322 1716
1322 1720
1322 1742
1322 1841
1322 1857
1322 1859
1322 1862
1322 1872
1322 1873
1322 1884
1322 1899
1322 1903
1323 1330
1323 1335
1323 1352
1323 1359
1323 1361
1323 1377
1323 1389
1323 1407
1323 1447
1323 1460
1323 1470
1323 1509
1323 1520
1323 1530
1323 1535
1323 1551
1323 1554
1323 1559
1323 1563
1323 1570
1323 1604
1323 1609
1323 1610
1323 1617
1323 1621
1323 1637
1323 1643
1323 1662
1323 1663
1323 1669
1323 1675
1323 1730
1323 1753
1323 1768
1323 1791
1323 1799
1323 1811
1323 1813
1323 1835
1323 1839
1323 1842
1323 1868
1323 1888
1323 1891
1323 1902
1324 1382
1324 1396
1324 1454
1324 1495
1324 1515
1324 1582
1324 1628
1324 1661
1324 1729
1324 1742
1324 1751
1324 1783
1324 1786
1324 1820
1324 1824
1324 1850
1324 1871
1324 1875
1324 1893
1324 1894
1324 1901
1325 1360
1325 1433
1325 1511
1325 1555
1325 1567
1325 1615
1325 1687
1325 1708
1325 1866
1327 1337
1327 1352
1327 1361
1327 1369
1327 1384
1327 1390
1327 1435
1327 1518
1327 1520
1327 1523
1327 1540
1327 1561
1327 1563
1327 1597
1327 1600
1327 1618
1327 1626
1327 1656
1327 1663
1327 1683
1327 1689
1327 1702
1327 1718
1327 1769
1327 1774
1327 1800
1327 1813
1327 1819
1327 1836
1327 1852
1327 1858
1327 1909
1327 1911
1328 1410
1328 1421
1328 1494
1328 1511
1328 1593
1328 1676
1328 1687
1328 1705
1328 1803
1328 1825
1329 1331
1329 1334
1329 1352
1329 1376
1329 1377
1329 1388
1329 1389
1329 1391
1329 1393
1329 1405
1329 1407
1329 1409
1329 1420
1329 1431
1329 1460
1329 1467
1329 1471
1329 1509
1329 1513
1329 1516
1329 1519
1329 1522
1329 1528
1329 1539
1329 1551
1329 1554
1329 1557
1329 1559
1329 1563
1329 1570
1329 1584
1329 1589
1329 1590
1329 1600
1329 1603
1329 1608
1329 1609
1329 1612
1329 1613
1329 1617
1329 1620
1329 1621
1329 1637
1329 1639
1329 1643
1329 1662
1329 1663
1329 1669
1329 1675
1329 1683
1329 1685
1329 1688
1329 1714
1329 1723
1329 1730
1329 1734
1329 1735
1329 1746
1329 1750
1329 1753
1329 1754
1329 1757
1329 1761
1329 1765
1329 1768
1329 1774
1329 1791
1329 1799
1329 1800
1329 1804
1329 1813
1329 1819
1329 1823
1329 1827
1329 1833
1329 1835
1329 1842
1329 1843
1329 1845
1329 1851
1329 1861
1329 1864
1329 1868
1329 1888
1329 1902
1330 1331
1330 1335
1330 1352
1330 1359
1330 1361
1330 1370
1330 1377
1330 1388
1330 1389
1330 1390
1330 1391
1330 1399
1330 1401
1330 1420
1330 1431
1330 1447
1330 1453
1330 1456
1330 1471
1330 1483
1330 1488
1330 1520
1330 1535
1330 1551
1330 1554
1330 1559
1330 1570
1330 1571
1330 1580
1330 1584
1330 1589
1330 1598
1330 1603
1330 1604
1330 1605
1330 1608
1330 1609
1330 1610
1330 1613
1330 1619
1330 1621
1330 1622
1330 1623
1330 1663
1330 1665
1330 1669
1330 1675
1330 1685
1330 1707
1330 1714
1330 1722
1330 1730
1330 1736
1330 1746
1330 1768
1330 1772
1330 1791
1330 1795
1330 1800
1330 1804
1330 1809
1330 1811
1330 1816
1330 1821
1330 1823
1330 1826
1330 1833
1330 1835
1330 1839
1330 1842
1330 1861
1330 1868
1330 1879
1330 1888
1330 1898
1330 1900
1331 1339
1331 1341
1331 1352
1331 1361
1331 1367
1331 1370
1331 1376
1331 1377
1331 1380
1331 1388
1331 1390
1331 1393
1331 1399
1331 1402
1331 1409
1331 1420
1331 1431
1331 1447
1331 1456
1331 1457
1331 1470
1331 1471
1331 1483
1331 1484
1331 1488
1331 1509
1331 1516
1331 1522
1331 1530
1331 1539
1331 1547
1331 1551
1331 1559
1331 1584
1331 1589
1331 1598
1331 1603
1331 1605
1331 1608
1331 1610
1331 1612
1331 1613
1331 1617
1331 1619
1331 1620
1331 1622
1331 1623
1331 1632
1331 1652
1331 1662
1331 1663
1331 1665
1331 1685
1331 1707
1331 1714
1331 1721
1331 1722
1331 1730
1331 1736
1331 1741
1331 1746
1331 1754
1331 1768
1331 1789
1331 1793
1331 1800
1331 1804
1331 1809
1331 1816
1331 1823
1331 1826
1331 1827
1331 1835
1331 1839
1331 1843
1331 1845
1331 1849
1331 1861
1331 1864
1331 1867
1331 1868
1331 1879
1331 1888
1331 1902
1332 1358
1332 1427
1332 1446
1332 1464
1332 1487
1332 1543
1332 1549
1332 1565
1332 1606
1332 1625
1332 1628
1332 1645
1332 1660
1332 1695
1332 1763
1332 1766
1332 1773
1332 1801
1332 1844
1332 1870
1332 1878
1332 1881
1332 1882
1332 1901
1333 1371
1333 1378
1333 1452
1333 1468
1333 1493
1333 1533
1333 1548
1333 1568
1333 1601
1333 1629
1333 1648
1333 1733
1333 1784
1333 1787
1333 1798
1333 1837
1333 1880
1333 1895
1334 1341
1334 1343
1334 1352
1334 1361
1334 1376
1334 1377
1334 1389
1334 1391
1334 1393
1334 1409
1334 1420
1334 1431
1334 1435
1334 1467
1334 1471
1334 1473
1334 1492
1334 1509
1334 1516
1334 1520
1334 1525
1334 1535
1334 1540
1334 1551
1334 1554
1334 1559
1334 1563
1334 1569
1334 1570
1334 1584
1334 1589
1334 1603
1334 1608
1334 1612
1334 1613
1334 1620
1334 1621
1334 1630
1334 1637
1334 1658
1334 1663
1334 1669
1334 1675
1334 1685
1334 1718
1334 1730
1334 1734
1334 1735
1334 1753
1334 1761
1334 1765
1334 1768
1334 1782
1334 1793
1334 1794
1334 1807
1334 1813
1334 1818
1334 1823
1334 1827
1334 1833
1334 1835
1334 1844
1334 1888
1334 1891
1334 1897
1335 1339
1335 1341
1335 1351
1335 1352
1335 1365
1335 1367
1335 1369
1335 1370
1335 1376
1335 1377
1335 1390
1335 1391
1335 1393
1335 1399
1335 1431
1335 1437
1335 1447
1335 1456
1335 1471
1335 1483
1335 1488
1335 1491
1335 1516
1335 1522
1335 1530
1335 1538
1335 1547
1335 1551
1335 1554
1335 1557
1335 1559
1335 1580
1335 1584
1335 1589
1335 1594
1335 1597
1335 1598
1335 1603
1335 1604
1335 1608
1335 1610
1335 1612
1335 1613
1335 1619
1335 1621
1335 1622
1335 1623
1335 1632
1335 1662
1335 1663
1335 1665
1335 1668
1335 1707
1335 1712
1335 1714
1335 1721
1335 1730
1335 1736
1335 1737
1335 1746
1335 1754
1335 1757
1335 1772
1335 1789
1335 1793
1335 1796
1335 1799
1335 1800
1335 1804
1335 1810
1335 1811
1335 1813
1335 1816
1335 1823
1335 1827
1335 1833
1335 1839
1335 1842
1335 1849
1335 1864
1335 1879
1335 1888
1335 1902
1336 1359
1336 1370
1336 1380
1336 1391
1336 1399
1336 1447
1336 1449
1336 1456
1336 1488
1336 1491
1336 1516
1336 1547
1336 1580
1336 1598
1336 1604
1336 1610
1336 1619
1336 1622
1336 1632
1336 1663
1336 1668
1336 1712
1336 1714
1336 1809
1336 1833
1336 1839
1336 1888
1336 1898
1337 1352
1337 1360
1337 1369
1337 1384
1337 1437
1337 1441
1337 1480
1337 1518
1337 1537
1337 1561
1337 1567
1337 1585
1337 1593
1337 1618
1337 1626
1337 1697
1337 1702
1337 1805
1337 1813
1337 1858
1337 1860
1337 1863
1337 1865
1337 1909
1337 1911
1338 1355
1338 1357
1338 1366
1338 1373
1338 1435
1338 1469
1338 1472
1338 1473
1338 1482
1338 1496
1338 1504
1338 1525
1338 1536
1338 1549
1338 1624
1338 1630
1338 1686
1338 1699
1338 1703
1338 1709
1338 1725
1338 1745
1338 1756
1338 1783
1338 1785
1338 1807
1338 1815
1338 1828
1338 1869
1338 1876
1338 1906
1339 1340
1339 1344
1339 1352
1339 1367
1339 1375
1339 1390
1339 1391
1339 1399
1339 1416
1339 1424
1339 1431
1339 1467
1339 1471
1339 1491
1339 1530
1339 1532
1339 1538
1339 1540
1339 1557
1339 1563
1339 1572
1339 1584
1339 1589
1339 1598
1339 1600
1339 1608
1339 1610
1339 1612
1339 1613
1339 1621
1339 1622
1339 1623
1339 1632
1339 1643
1339 1644
1339 1652
1339 1653
1339 1659
1339 1663
1339 1683
1339 1688
1339 1689
1339 1707
1339 1712
1339 1714
1339 1724
1339 1735
1339 1736
1339 1737
1339 1746
1339 1750
1339 1752
1339 1757
1339 1768
1339 1771
1339 1789
1339 1795
1339 1796
1339 1799
1339 1800
1339 1804
1339 1810
1339 1816
1339 1819
1339 1826
1339 1827
1339 1833
1339 1839
1339 1867
1339 1879
1339 1886
1339 1888
1340 1341
1340 1344
1340 1375
1340 1376
1340 1390
1340 1416
1340 1491
1340 1516
1340 1532
1340 1538
1340 1539
1340 1547
1340 1557
1340 1572
1340 1597
1340 1600
1340 1610
1340 1612
1340 1613
1340 1620
1340 1622
1340 1623
1340 1632
1340 1644
1340 1652
1340 1653
1340 1683
1340 1688
1340 1714
1340 1717
1340 1721
1340 1746
1340 1750
1340 1789
1340 1799
1340 1800
1340 1810
1340 1819
1340 1826
1340 1827
1340 1833
1340 1867
1340 1877
1340 1886
1340 1888
1341 1351
1341 1352
1341 1361
1341 1367
1341 1370
1341 1376
1341 1377
1341 1380
1341 1390
1341 1391
1341 1393
1341 1399
1341 1416
1341 1420
1341 1431
1341 1437
1341 1449
1341 1467
1341 1471
1341 1488
1341 1491
1341 1516
1341 1530
1341 1538
1341 1542
1341 1547
1341 1551
1341 1559
1341 1563
1341 1584
1341 1589
1341 1598
1341 1603
1341 1605
1341 1608
1341 1610
1341 1612
1341 1619
1341 1621
1341 1632
1341 1663
1341 1665
1341 1668
1341 1683
1341 1685
1341 1702
1341 1707
1341 1712
1341 1714
1341 1721
1341 1730
1341 1734
1341 1735
1341 1736
1341 1746
1341 1750
1341 1761
1341 1789
1341 1799
1341 1800
1341 1804
1341 1810
1341 1816
1341 1821
1341 1823
1341 1826
1341 1827
1341 1833
1341 1835
1341 1839
1341 1842
1341 1845
1341 1864
1341 1879
1341 1886
1341 1888
1341 1898
1342 1425
1342 1478
1342 1637
1342 1700
1342 1831
1342 1910
1343 1364
1343 1425
1343 1435
1343 1436
1343 1444
1343 1473
1343 1492
1343 1525
1343 1540
1343 1566
1343 1569
1343 1584
1343 1630
1343 1694
1343 1699
1343 1738
1343 1807
1343 1818
1343 1831
1343 1881
1343 1897
1343 1910
1344 1352
1344 1367
1344 1375
1344 1376
1344 1390
1344 1399
1344 1416
1344 1431
1344 1491
1344 1524
1344 1532
1344 1538
1344 1554
1344 1557
1344 1570
1344 1572
1344 1589
1344 1597
1344 1600
1344 1610
1344 1612
1344 1620
1344 1622
1344 1623
1344 1644
1344 1652
1344 1653
1344 1659
1344 1663
1344 1669
1344 1683
1344 1685
1344 1688
1344 1689
1344 1710
1344 1714
1344 1717
1344 1721
1344 1724
1344 1730
1344 1735
1344 1737
1344 1746
1344 1750
1344 1752
1344 1757
1344 1771
1344 1789
1344 1795
1344 1796
1344 1799
1344 1800
1344 1804
1344 1810
1344 1816
1344 1827
1344 1835
1344 1861
1344 1867
1344 1888
1345 1347
1345 1350
1345 1379
1345 1381
1345 1392
1345 1404
1345 1413
1345 1426
1345 1432
1345 1438
1345 1448
1345 1459
1345 1462
1345 1475
1345 1479
1345 1495
1345 1515
1345 1550
1345 1573
1345 1576
1345 1578
1345 1583
1345 1587
1345 1591
1345 1592
1345 1595
1345 1596
1345 1611
1345 1628
1345 1635
1345 1636
1345 1638
1345 1647
1345 1655
1345 1661
1345 1680
1345 1691
1345 1715
1345 1716
1345 1720
1345 1728
1345 1742
1345 1764
1345 1783
1345 1812
1345 1841
1345 1857
1345 1859
1345 1862
1345 1872
1345 1873
1345 1875
1345 1884
1345 1893
1345 1899
1345 1903
1346 1537
1347 1373
1347 1379
1347 1396
1347 1413
1347 1426
1347 1432
1347 1438
1347 1448
1347 1459
1347 1462
1347 1475
1347 1479
1347 1495
1347 1502
1347 1573
1347 1583
1347 1587
1347 1591
1347 1596
1347 1611
1347 1628
1347 1636
1347 1649
1347 1661
1347 1680
1347 1682
1347 1691
1347 1715
1347 1727
1347 1732
1347 1742
1347 1755
1347 1783
1347 1786
1347 1828
1347 1857
1347 1859
1347 1872
1347 1893
1347 1899
1348 1415
1348 1428
1348 1469
1348 1472
1348 1482
1348 1496
1348 1507
1348 1529
1348 1541
1348 1624
1348 1630
1348 1681
1348 1709
1348 1756
1348 1770
1348 1815
1348 1847
1348 1904
1349 1358
1349 1374
1349 1408
1349 1427
1349 1514
1349 1531
1349 1543
1349 1574
1349 1606
1349 1645
1349 1673
1349 1677
1349 1740
1349 1743
1349 1744
1349 1763
1349 1790
1349 1844
1349 1878
1349 1882
1350 1404
1350 1413
1350 1432
1350 1435
1350 1550
1350 1575
1350 1578
1350 1583
1350 1611
1350 1628
1350 1635
1350 1764
1350 1794
1350 1859
1350 1862
1350 1894
1351 1352
1351 1361
1351 1367
1351 1391
1351 1399
1351 1431
1351 1437
1351 1516
1351 1522
1351 1547
1351 1551
1351 1554
1351 1610
1351 1612
1351 1617
1351 1619
1351 1621
1351 1662
1351 1668
1351 1702
1351 1707
1351 1712
1351 1730
1351 1736
1351 1757
1351 1793
1351 1799
1351 1800
1351 1804
1351 1809
1351 1821
1351 1827
1351 1833
1351 1839
1351 1845
1351 1849
1351 1864
1351 1879
1351 1888
1351 1902
1352 1361
1352 1367
1352 1369
1352 1375
1352 1376
1352 1377
1352 1380
1352 1390
1352 1391
1352 1399
1352 1416
1352 1420
1352 1431
1352 1437
1352 1439
1352 1447
1352 1449
1352 1456
1352 1467
1352 1471
1352 1484
1352 1485
1352 1488
1352 1491
1352 1509
1352 1516
1352 1520
1352 1522
1352 1523
1352 1528
1352 1530
1352 1535
1352 1539
1352 1540
1352 1542
1352 1547
1352 1551
1352 1554
1352 1557
1352 1559
1352 1563
1352 1570
1352 1572
1352 1580
1352 1584
1352 1589
1352 1590
1352 1597
1352 1598
1352 1600
1352 1603
1352 1604
1352 1605
1352 1608
1352 1609
1352 1610
1352 1612
1352 1613
1352 1614
1352 1617
1352 1619
1352 1620
1352 1621
1352 1622
1352 1623
1352 1637
1352 1639
1352 1643
1352 1644
1352 1659
1352 1662
1352 1663
1352 1665
1352 1668
1352 1669
1352 1675
1352 1683
1352 1685
1352 1688
1352 1689
1352 1707
1352 1712
1352 1714
1352 1717
1352 1718
1352 1721
1352 1724
1352 1730
1352 1734
1352 1735
1352 1736
1352 1737
1352 1741
1352 1746
1352 1750
1352 1752
1352 1753
1352 1757
1352 1761
1352 1765
1352 1768
1352 1772
1352 1780
1352 1782
1352 1791
1352 1793
1352 1795
1352 1799
1352 1800
1352 1804
1352 1809
1352 1810
1352 1811
1352 1813
1352 1816
1352 1819
1352 1823
1352 1826
1352 1827
1352 1833
1352 1835
1352 1839
1352 1842
1352 1845
1352 1846
1352 1849
1352 1860
1352 1861
1352 1867
1352 1868
1352 1879
1352 1886
1352 1888
1352 1891
1352 1898
1352 1902
1352 1911
1353 1357
1354 1469
1354 1660
1354 1672
1355 1366
1355 1472
1355 1473
1355 1496
1355 1500
1355 1504
1355 1525
1355 1536
1355 1633
1355 1634
1355 1686
1355 1699
1355 1703
1355 1709
1355 1876
1356 1372
1356 1425
1356 1443
1356 1453
1356 1478
1356 1497
1356 1566
1356 1694
1356 1743
1356 1829
1356 1831
1356 1881
1356 1910
1357 1393
1357 1397
1357 1422
1357 1487
1357 1536
1357 1574
1357 1688
1357 1692
1357 1767
1357 1778
1357 1794
1357 1897
1358 1374
1358 1397
1358 1400
1358 1425
1358 1427
1358 1446
1358 1463
1358 1473
1358 1490
1358 1512
1358 1514
1358 1543
1358 1545
1358 1565
1358 1574
1358 1606
1358 1616
1358 1631
1358 1645
1358 1660
1358 1671
1358 1673
1358 1677
1358 1679
1358 1692
1358 1694
1358 1695
1358 1740
1358 1744
1358 1763
1358 1766
1358 1767
1358 1790
1358 1844
1358 1878
1358 1881
1358 1882
1359 1361
1359 1377
1359 1388
1359 1389
1359 1391
1359 1402
1359 1409
1359 1447
1359 1470
1359 1483
1359 1488
1359 1509
1359 1517
1359 1535
1359 1551
1359 1557
1359 1559
1359 1570
1359 1571
1359 1580
1359 1604
1359 1605
1359 1608
1359 1609
1359 1619
1359 1620
1359 1637
1359 1663
1359 1669
1359 1675
1359 1714
1359 1717
1359 1722
1359 1730
1359 1741
1359 1754
1359 1768
1359 1772
1359 1791
1359 1793
1359 1796
1359 1804
1359 1811
1359 1813
1359 1826
1359 1835
1359 1839
1359 1861
1359 1868
1359 1898
1359 1900
1359 1902
1360 1410
1360 1433
1360 1494
1360 1511
1360 1553
1360 1555
1360 1561
1360 1567
1360 1579
1360 1588
1360 1593
1360 1615
1360 1678
1360 1687
1360 1698
1360 1705
1360 1708
1360 1719
1360 1726
1360 1803
1360 1806
1360 1847
1360 1866
1361 1376
1361 1377
1361 1388
1361 1390
1361 1391
1361 1398
1361 1399
1361 1402
1361 1409
1361 1420
1361 1431
1361 1440
1361 1447
1361 1456
1361 1458
1361 1465
1361 1470
1361 1488
1361 1509
1361 1516
1361 1520
1361 1540
1361 1542
1361 1547
1361 1551
1361 1554
1361 1557
1361 1559
1361 1563
1361 1570
1361 1577
1361 1584
1361 1589
1361 1603
1361 1604
1361 1605
1361 1610
1361 1612
1361 1614
1361 1619
1361 1621
1361 1626
1361 1637
1361 1644
1361 1662
1361 1663
1361 1668
1361 1669
1361 1674
1361 1702
1361 1707
1361 1714
1361 1717
1361 1718
1361 1722
1361 1723
1361 1730
1361 1736
1361 1741
1361 1753
1361 1768
1361 1791
1361 1793
1361 1796
1361 1800
1361 1805
1361 1811
1361 1813
1361 1833
1361 1835
1361 1839
1361 1842
1361 1843
1361 1849
1361 1858
1361 1863
1361 1867
1361 1868
1361 1879
1361 1888
1361 1891
1361 1898
1361 1902
1361 1909
1361 1911
1362 1469
1363 1371
1363 1378
1363 1493
1363 1533
1363 1548
1363 1629
1363 1648
1363 1733
1363 1787
1363 1837
1363 1880
1364 1435
1364 1540
1364 1569
1364 1747
1364 1794
1364 1807
1364 1818
1364 1897
1365 1420
1365 1431
1365 1491
1365 1530
1365 1538
1365 1557
1365 1559
1365 1584
1365 1589
1365 1612
1365 1617
1365 1623
1365 1643
1365 1663
1365 1669
1365 1689
1365 1714
1365 1737
1365 1752
1365 1799
1365 1810
1365 1823
1365 1842
1365 1886
1366 1373
1366 1427
1366 1435
1366 1444
1366 1472
1366 1473
1366 1481
1366 1482
1366 1492
1366 1496
1366 1504
1366 1525
1366 1536
1366 1569
1366 1584
1366 1591
1366 1630
1366 1633
1366 1634
1366 1667
1366 1699
1366 1703
1366 1709
1366 1725
1366 1738
1366 1767
1366 1783
1366 1807
1366 1876
1367 1375
1367 1376
1367 1377
1367 1380
1367 1390
1367 1391
1367 1399
1367 1416
1367 1420
1367 1431
1367 1449
1367 1471
1367 1488
1367 1491
1367 1509
1367 1516
1367 1520
1367 1522
1367 1524
1367 1530
1367 1539
1367 1547
1367 1551
1367 1554
1367 1557
1367 1572
1367 1584
1367 1589
1367 1597
1367 1600
1367 1603
1367 1605
1367 1610
1367 1612
1367 1613
1367 1617
1367 1618
1367 1620
1367 1621
1367 1622
1367 1623
1367 1632
1367 1644
1367 1652
1367 1653
1367 1659
1367 1663
1367 1665
1367 1668
1367 1669
1367 1683
1367 1685
1367 1688
1367 1689
1367 1707
1367 1714
1367 1717
1367 1721
1367 1724
1367 1730
1367 1735
1367 1737
1367 1741
1367 1746
1367 1750
1367 1752
1367 1757
1367 1782
1367 1789
1367 1791
1367 1793
1367 1796
1367 1799
1367 1800
1367 1804
1367 1809
1367 1810
1367 1813
1367 1816
1367 1819
1367 1823
1367 1826
1367 1827
1367 1833
1367 1835
1367 1839
1367 1849
1367 1851
1367 1867
1367 1877
1367 1879
1367 1886
1367 1888
1367 1909
1368 1788
1369 1405
1369 1420
1369 1460
1369 1461
1369 1471
1369 1505
1369 1509
1369 1522
1369 1523
1369 1559
1369 1561
1369 1563
1369 1589
1369 1590
1369 1608
1369 1617
1369 1644
1369 1656
1369 1663
1369 1718
1369 1726
1369 1757
1369 1769
1369 1779
1369 1780
1369 1835
1369 1836
1369 1846
1369 1851
1369 1852
1370 1380
1370 1388
1370 1390
1370 1391
1370 1399
1370 1409
1370 1431
1370 1447
1370 1449
1370 1456
1370 1457
1370 1471
1370 1480
1370 1483
1370 1488
1370 1516
1370 1517
1370 1522
1370 1542
1370 1547
1370 1559
1370 1584
1370 1589
1370 1598
1370 1600
1370 1604
1370 1605
1370 1610
1370 1612
1370 1617
1370 1619
1370 1622
1370 1662
1370 1663
1370 1665
1370 1668
1370 1707
1370 1712
1370 1714
1370 1723
1370 1736
1370 1741
1370 1746
1370 1757
1370 1793
1370 1800
1370 1804
1370 1809
1370 1816
1370 1821
1370 1823
1370 1826
1370 1827
1370 1832
1370 1833
1370 1839
1370 1849
1370 1868
1370 1879
1370 1886
1370 1888
1370 1898
1370 1900
1370 1902
1371 1378
1371 1452
1371 1467
1371 1468
1371 1533
1371 1536
1371 1548
1371 1568
1371 1601
1371 1629
1371 1692
1371 1733
1371 1758
1371 1784
1371 1787
1371 1798
1371 1837
1371 1880
1371 1895
1372 1478
1372 1831
1372 1910
1373 1382
1373 1396
1373 1451
1373 1454
1373 1459
1373 1469
1373 1481
1373 1495
1373 1502
1373 1503
1373 1508
1373 1515
1373 1573
1373 1582
1373 1591
1373 1596
1373 1638
1373 1661
1373 1686
1373 1703
1373 1706
1373 1727
1373 1729
1373 1742
1373 1749
1373 1783
1373 1786
1373 1794
1373 1812
1373 1820
1373 1824
1373 1828
1373 1871
1373 1873
1373 1876
1373 1893
1373 1894
1373 1907
1374 1400
1374 1487
1374 1512
1374 1574
1374 1599
1374 1616
1374 1645
1374 1673
1374 1692
1374 1694
1374 1767
1374 1790
1374 1844
1375 1390
1375 1416
1375 1524
1375 1532
1375 1538
1375 1557
1375 1572
1375 1584
1375 1589
1375 1597
1375 1612
1375 1613
1375 1617
1375 1620
1375 1621
1375 1623
1375 1644
1375 1659
1375 1669
1375 1688
1375 1714
1375 1717
1375 1721
1375 1724
1375 1730
1375 1735
1375 1737
1375 1746
1375 1750
1375 1752
1375 1771
1375 1789
1375 1795
1375 1796
1375 1799
1375 1800
1375 1810
1375 1827
1375 1833
1375 1867
1375 1886
1375 1888
1376 1377
1376 1390
1376 1391
1376 1393
1376 1399
1376 1405
1376 1416
1376 1420
1376 1431
1376 1447
1376 1460
1376 1467
1376 1471
1376 1485
1376 1491
1376 1509
1376 1513
1376 1516
1376 1520
1376 1522
1376 1523
1376 1528
1376 1539
1376 1547
1376 1551
1376 1554
1376 1557
1376 1559
1376 1563
1376 1570
1376 1584
1376 1589
1376 1590
1376 1597
1376 1600
1376 1603
1376 1608
1376 1609
1376 1610
1376 1612
1376 1613
1376 1617
1376 1621
1376 1622
1376 1623
1376 1632
1376 1637
1376 1639
1376 1643
1376 1653
1376 1659
1376 1662
1376 1663
1376 1669
1376 1675
1376 1683
1376 1685
1376 1689
1376 1707
1376 1714
1376 1717
1376 1718
1376 1721
1376 1724
1376 1730
1376 1735
1376 1736
1376 1737
1376 1741
1376 1746
1376 1750
1376 1752
1376 1753
1376 1757
1376 1761
1376 1765
1376 1768
1376 1774
1376 1782
1376 1789
1376 1791
1376 1793
1376 1795
1376 1799
1376 1800
1376 1804
1376 1810
1376 1811
1376 1813
1376 1816
1376 1819
1376 1823
1376 1826
1376 1827
1376 1833
1376 1835
1376 1839
1376 1842
1376 1846
1376 1851
1376 1864
1376 1867
1376 1879
1376 1888
1376 1891
1376 1902
1377 1388
1377 1389
1377 1391
1377 1399
1377 1409
1377 1416
1377 1420
1377 1431
1377 1447
1377 1449
1377 1467
1377 1470
1377 1471
1377 1483
1377 1487
1377 1488
1377 1491
1377 1497
1377 1509
1377 1513
1377 1516
1377 1520
1377 1522
1377 1528
1377 1535
1377 1539
1377 1540
1377 1551
1377 1554
1377 1557
1377 1559
1377 1563
1377 1570
1377 1584
1377 1589
1377 1590
1377 1597
1377 1598
1377 1600
1377 1603
1377 1604
1377 1608
1377 1609
1377 1610
1377 1612
1377 1613
1377 1614
1377 1617
1377 1620
1377 1621
1377 1622
1377 1623
1377 1637
1377 1639
1377 1643
1377 1646
1377 1659
1377 1662
1377 1663
1377 1669
1377 1675
1377 1683
1377 1685
1377 1688
1377 1689
1377 1707
1377 1714
1377 1717
1377 1721
1377 1723
1377 1730
1377 1741
1377 1746
1377 1750
1377 1753
1377 1757
1377 1761
1377 1765
1377 1768
1377 1782
1377 1791
1377 1793
1377 1799
1377 1800
1377 1804
1377 1811
1377 1813
1377 1816
1377 1823
1377 1827
1377 1833
1377 1835
1377 1839
1377 1842
1377 1843
1377 1851
1377 1861
1377 1864
1377 1867
1377 1868
1377 1879
1377 1881
1377 1885
1377 1886
1377 1888
1377 1891
1377 1898
1377 1902
1378 1452
1378 1468
1378 1493
1378 1533
1378 1548
1378 1568
1378 1601
1378 1629
1378 1648
1378 1733
1378 1787
1378 1798
1378 1837
1378 1880
1378 1892
1378 1895
1379 1404
1379 1423
1379 1426
1379 1438
1379 1448
1379 1459
1379 1462
1379 1475
1379 1479
1379 1573
1379 1576
1379 1583
1379 1591
1379 1596
1379 1611
1379 1628
1379 1636
1379 1655
1379 1682
1379 1691
1379 1716
1379 1786
1379 1857
1379 1862
1379 1872
1379 1899
1379 1903
1380 1388
1380 1390
1380 1391
1380 1399
1380 1402
1380 1420
1380 1431
1380 1447
1380 1456
1380 1457
1380 1488
1380 1516
1380 1522
1380 1523
1380 1547
1380 1554
1380 1570
1380 1584
1380 1598
1380 1600
1380 1604
1380 1605
1380 1610
1380 1619
1380 1621
1380 1622
1380 1623
1380 1662
1380 1665
1380 1685
1380 1689
1380 1707
1380 1712
1380 1714
1380 1730
1380 1741
1380 1746
1380 1789
1380 1800
1380 1809
1380 1816
1380 1826
1380 1832
1380 1839
1380 1868
1380 1879
1380 1888
1380 1898
1381 1459
1381 1475
1381 1573
1381 1583
1381 1591
1381 1628
1381 1635
1381 1636
1381 1720
1381 1857
1381 1899
1382 1396
1382 1454
1382 1495
1382 1508
1382 1582
1382 1583
1382 1661
1382 1729
1382 1742
1382 1751
1382 1783
1382 1786
1382 1812
1382 1820
1382 1871
1382 1893
1382 1894
1383 1594
1383 1909
1384 1505
1384 1758
1384 1774
1384 1788
1385 1496
1385 1529
1385 1531
1385 1545
1385 1574
1385 1688
1385 1770
1385 1778
1385 1831
1385 1910
1387 1486
1387 1549
1387 1678
1387 1726
1388 1391
1388 1393
1388 1399
1388 1402
1388 1409
1388 1447
1388 1456
1388 1470
1388 1483
1388 1520
1388 1522
1388 1535
1388 1551
1388 1571
1388 1580
1388 1589
1388 1598
1388 1604
1388 1605
1388 1609
1388 1612
1388 1613
1388 1620
1388 1622
1388 1637
1388 1662
1388 1663
1388 1665
1388 1707
1388 1714
1388 1722
1388 1730
1388 1736
1388 1741
1388 1754
1388 1768
1388 1772
1388 1793
1388 1809
1388 1813
1388 1835
1388 1842
1388 1845
1388 1849
1388 1864
1388 1868
1388 1888
1388 1898
1388 1902
1389 1391
1389 1431
1389 1447
1389 1467
1389 1470
1389 1535
1389 1551
1389 1559
1389 1570
1389 1584
1389 1604
1389 1609
1389 1610
1389 1621
1389 1637
1389 1663
1389 1669
1389 1675
1389 1730
1389 1761
1389 1768
1389 1804
1389 1811
1389 1813
1389 1843
1389 1888
1389 1898
1390 1391
1390 1399
1390 1402
1390 1416
1390 1420
1390 1431
1390 1435
1390 1447
1390 1456
1390 1457
1390 1467
1390 1471
1390 1480
1390 1485
1390 1488
1390 1491
1390 1509
1390 1516
1390 1520
1390 1522
1390 1523
1390 1524
1390 1530
1390 1539
1390 1540
1390 1551
1390 1554
1390 1557
1390 1570
1390 1572
1390 1580
1390 1584
1390 1589
1390 1597
1390 1598
1390 1600
1390 1603
1390 1604
1390 1608
1390 1610
1390 1612
1390 1613
1390 1617
1390 1618
1390 1619
1390 1620
1390 1621
1390 1622
1390 1623
1390 1632
1390 1643
1390 1644
1390 1652
1390 1653
1390 1659
1390 1662
1390 1663
1390 1665
1390 1668
1390 1683
1390 1689
1390 1707
1390 1712
1390 1714
1390 1717
1390 1721
1390 1724
1390 1730
1390 1735
1390 1736
1390 1737
1390 1741
1390 1746
1390 1750
1390 1752
1390 1757
1390 1768
1390 1771
1390 1789
1390 1791
1390 1793
1390 1795
1390 1796
1390 1799
1390 1800
1390 1804
1390 1809
1390 1811
1390 1816
1390 1819
1390 1823
1390 1827
1390 1833
1390 1835
1390 1839
1390 1842
1390 1843
1390 1849
1390 1867
1390 1868
1390 1877
1390 1879
1390 1886
1390 1888
1390 1902
1391 1399
1391 1402
1391 1409
1391 1420
1391 1431
1391 1447
1391 1449
1391 1457
1391 1467
1391 1470
1391 1488
1391 1491
1391 1509
1391 1516
1391 1520
1391 1522
1391 1530
1391 1535
1391 1539
1391 1540
1391 1547
1391 1551
1391 1554
1391 1557
1391 1559
1391 1570
1391 1584
1391 1589
1391 1594
1391 1597
1391 1598
1391 1600
1391 1603
1391 1604
1391 1608
1391 1612
1391 1613
1391 1614
1391 1621
1391 1622
1391 1632
1391 1639
1391 1662
1391 1663
1391 1665
1391 1668
1391 1669
1391 1675
1391 1683
1391 1685
1391 1689
1391 1707
1391 1712
1391 1714
1391 1717
1391 1730
1391 1735
1391 1736
1391 1746
1391 1750
1391 1754
1391 1761
1391 1768
1391 1782
1391 1789
1391 1791
1391 1793
1391 1795
1391 1799
1391 1800
1391 1809
1391 1810
1391 1813
1391 1816
1391 1823
1391 1826
1391 1827
1391 1832
1391 1833
1391 1835
1391 1839
1391 1843
1391 1845
1391 1849
1391 1867
1391 1868
1391 1877
1391 1886
1391 1888
1391 1898
1392 1413
1392 1426
1392 1432
1392 1459
1392 1462
1392 1475
1392 1479
1392 1583
1392 1611
1392 1628
1392 1636
1392 1655
1392 1716
1392 1720
1392 1857
1392 1871
1392 1894
1392 1899
1393 1407
1393 1409
1393 1522
1393 1528
1393 1531
1393 1535
1393 1540
1393 1551
1393 1557
1393 1609
1393 1620
1393 1688
1393 1702
1393 1707
