1393 1730
1393 1753
1393 1754
1393 1768
1393 1793
1393 1813
1393 1835
1393 1842
1393 1845
1393 1864
1393 1879
1393 1902
1395 1909
1396 1451
1396 1454
1396 1495
1396 1508
1396 1515
1396 1582
1396 1595
1396 1638
1396 1661
1396 1729
1396 1732
1396 1742
1396 1751
1396 1783
1396 1786
1396 1812
1396 1820
1396 1824
1396 1828
1396 1848
1396 1871
1396 1893
1396 1894
1397 1409
1397 1487
1397 1536
1397 1673
1397 1844
1397 1882
1398 1399
1398 1437
1398 1449
1398 1458
1398 1467
1398 1471
1398 1480
1398 1488
1398 1513
1398 1538
1398 1612
1398 1668
1398 1712
1398 1799
1398 1804
1398 1827
1398 1833
1398 1845
1398 1851
1398 1863
1398 1888
1399 1402
1399 1416
1399 1420
1399 1431
1399 1437
1399 1447
1399 1456
1399 1457
1399 1467
1399 1471
1399 1473
1399 1488
1399 1491
1399 1501
1399 1509
1399 1516
1399 1517
1399 1522
1399 1530
1399 1532
1399 1535
1399 1547
1399 1551
1399 1554
1399 1556
1399 1557
1399 1559
1399 1563
1399 1584
1399 1589
1399 1597
1399 1603
1399 1604
1399 1605
1399 1610
1399 1612
1399 1617
1399 1619
1399 1621
1399 1622
1399 1623
1399 1659
1399 1662
1399 1663
1399 1665
1399 1668
1399 1669
1399 1683
1399 1689
1399 1702
1399 1707
1399 1712
1399 1714
1399 1721
1399 1730
1399 1736
1399 1737
1399 1741
1399 1746
1399 1750
1399 1752
1399 1757
1399 1761
1399 1768
1399 1791
1399 1793
1399 1799
1399 1800
1399 1804
1399 1809
1399 1810
1399 1813
1399 1816
1399 1821
1399 1823
1399 1826
1399 1827
1399 1833
1399 1835
1399 1839
1399 1845
1399 1849
1399 1864
1399 1867
1399 1868
1399 1879
1399 1888
1399 1898
1399 1902
1400 1487
1400 1512
1400 1545
1400 1616
1400 1645
1400 1692
1400 1767
1401 1516
1401 1603
1401 1823
1401 1833
1401 1839
1401 1888
1402 1431
1402 1447
1402 1456
1402 1483
1402 1488
1402 1542
1402 1559
1402 1571
1402 1580
1402 1598
1402 1604
1402 1605
1402 1609
1402 1610
1402 1613
1402 1617
1402 1619
1402 1622
1402 1663
1402 1665
1402 1707
1402 1714
1402 1722
1402 1746
1402 1757
1402 1768
1402 1772
1402 1791
1402 1800
1402 1809
1402 1816
1402 1823
1402 1826
1402 1827
1402 1833
1402 1839
1402 1868
1402 1888
1402 1898
1402 1900
1403 1499
1403 1889
1404 1426
1404 1448
1404 1459
1404 1462
1404 1475
1404 1479
1404 1573
1404 1576
1404 1578
1404 1583
1404 1596
1404 1611
1404 1628
1404 1636
1404 1661
1404 1691
1404 1716
1404 1720
1404 1857
1404 1899
1405 1467
1405 1485
1405 1509
1405 1513
1405 1544
1405 1590
1405 1612
1405 1614
1405 1622
1405 1637
1405 1639
1405 1684
1405 1765
1405 1779
1405 1835
1405 1846
1405 1851
1405 1860
1405 1883
1405 2724
1405 2752
1405 2775
1405 2869
1405 2892
1405 2962
1405 3001
1405 3019
1405 3100
1405 3162
1405 3168
1405 3233
1405 3295
1405 3304
1405 3331
1405 3366
1405 3404
1405 3406
1405 3412
1406 1495
1406 1502
1406 1638
1406 1704
1406 1729
1406 1732
1406 1742
1406 1751
1406 1786
1406 1820
1406 1824
1406 1871
1406 1893
1406 1894
1407 1528
1407 1551
1407 1557
1407 1566
1407 1614
1407 1620
1407 1663
1407 1685
1407 1688
1407 1730
1407 1753
1407 1754
1407 1768
1407 1864
1408 1453
1408 1549
1408 1574
1408 1575
1408 1602
1408 1673
1408 1740
1408 1807
1408 1818
1408 1844
1408 1878
1408 1882
1408 1885
1408 1897
1409 1420
1409 1431
1409 1444
1409 1447
1409 1458
1409 1470
1409 1483
1409 1488
1409 1517
1409 1527
1409 1535
1409 1542
1409 1551
1409 1553
1409 1559
1409 1563
1409 1570
1409 1571
1409 1580
1409 1584
1409 1589
1409 1598
1409 1604
1409 1605
1409 1608
1409 1613
1409 1620
1409 1621
1409 1622
1409 1632
1409 1663
1409 1665
1409 1669
1409 1685
1409 1707
1409 1712
1409 1714
1409 1722
1409 1730
1409 1734
1409 1736
1409 1746
1409 1768
1409 1782
1409 1791
1409 1800
1409 1816
1409 1827
1409 1832
1409 1835
1409 1839
1409 1842
1409 1845
1409 1861
1409 1863
1409 1864
1409 1868
1409 1898
1410 1421
1410 1433
1410 1494
1410 1555
1410 1593
1410 1676
1410 1687
1410 1705
1410 1803
1410 1825
1410 1866
1411 1450
1411 1520
1411 1523
1411 1540
1411 1554
1411 1589
1411 1618
1411 1891
1412 1429
1412 1500
1412 1502
1412 1549
1412 1633
1412 1686
1412 1745
1412 1781
1412 1830
1413 1423
1413 1432
1413 1462
1413 1475
1413 1479
1413 1495
1413 1550
1413 1573
1413 1576
1413 1578
1413 1583
1413 1591
1413 1592
1413 1596
1413 1611
1413 1628
1413 1636
1413 1647
1413 1655
1413 1680
1413 1682
1413 1691
1413 1715
1413 1716
1413 1728
1413 1732
1413 1783
1413 1790
1413 1841
1413 1859
1413 1875
1414 1573
1414 1716
1414 1862
1414 1872
1415 1469
1415 1472
1415 1482
1415 1496
1415 1507
1415 1541
1415 1624
1415 1630
1415 1667
1415 1672
1415 1709
1415 1725
1415 1739
1415 1770
1415 1783
1415 1906
1416 1431
1416 1456
1416 1467
1416 1471
1416 1480
1416 1491
1416 1509
1416 1516
1416 1524
1416 1528
1416 1530
1416 1532
1416 1538
1416 1539
1416 1554
1416 1557
1416 1572
1416 1584
1416 1589
1416 1597
1416 1600
1416 1610
1416 1612
1416 1613
1416 1620
1416 1622
1416 1623
1416 1644
1416 1652
1416 1653
1416 1659
1416 1663
1416 1683
1416 1688
1416 1707
1416 1714
1416 1717
1416 1721
1416 1724
1416 1730
1416 1735
1416 1736
1416 1746
1416 1750
1416 1752
1416 1768
1416 1771
1416 1789
1416 1791
1416 1795
1416 1796
1416 1799
1416 1800
1416 1804
1416 1810
1416 1827
1416 1833
1416 1835
1416 1839
1416 1877
1416 1879
1416 1886
1416 1888
1417 1621
1417 1899
1418 1472
1418 1504
1418 1525
1418 1569
1418 1650
1418 1709
1418 1727
1418 1830
1418 1904
1419 1437
1419 1440
1419 1594
1419 1674
1419 1684
1419 1702
1419 1758
1419 1780
1419 1843
1419 1858
1419 1883
1419 1909
1419 1911
1419 2813
1419 2971
1419 3034
1419 3178
1419 3410
1419 3420
1420 1422
1420 1431
1420 1456
1420 1467
1420 1483
1420 1485
1420 1491
1420 1509
1420 1513
1420 1516
1420 1520
1420 1522
1420 1523
1420 1530
1420 1538
1420 1551
1420 1554
1420 1557
1420 1559
1420 1563
1420 1570
1420 1571
1420 1580
1420 1584
1420 1589
1420 1590
1420 1597
1420 1603
1420 1612
1420 1613
1420 1614
1420 1619
1420 1621
1420 1622
1420 1632
1420 1637
1420 1659
1420 1663
1420 1665
1420 1669
1420 1675
1420 1683
1420 1689
1420 1707
1420 1714
1420 1717
1420 1721
1420 1730
1420 1735
1420 1736
1420 1746
1420 1750
1420 1752
1420 1753
1420 1761
1420 1765
1420 1768
1420 1772
1420 1782
1420 1795
1420 1796
1420 1799
1420 1800
1420 1813
1420 1819
1420 1823
1420 1827
1420 1833
1420 1835
1420 1839
1420 1846
1420 1864
1420 1867
1420 1879
1420 1886
1420 1888
1420 1891
1420 1902
1421 1433
1421 1494
1421 1555
1421 1567
1421 1615
1421 1687
1421 1705
1421 1719
1421 1803
1421 1825
1421 1866
1422 1487
1422 1692
1422 1730
1422 1808
1423 1426
1423 1438
1423 1448
1423 1459
1423 1462
1423 1479
1423 1502
1423 1515
1423 1573
1423 1576
1423 1583
1423 1591
1423 1592
1423 1628
1423 1636
1423 1647
1423 1655
1423 1691
1423 1715
1423 1720
1423 1728
1423 1824
1423 1841
1423 1871
1423 1872
1423 1873
1423 1875
1423 1884
1423 1899
1423 1903
1424 1548
1424 1601
1424 1733
1424 1747
1424 1787
1424 1798
1424 1837
1424 1880
1424 1889
1424 1895
1424 1896
1425 1478
1425 1545
1425 1549
1425 1574
1425 1625
1425 1633
1425 1671
1425 1743
1425 1773
1425 1778
1425 1801
1425 1831
1425 1844
1426 1448
1426 1459
1426 1462
1426 1475
1426 1479
1426 1515
1426 1573
1426 1578
1426 1583
1426 1587
1426 1591
1426 1596
1426 1628
1426 1636
1426 1647
1426 1655
1426 1661
1426 1680
1426 1682
1426 1691
1426 1715
1426 1720
1426 1786
1426 1790
1426 1857
1426 1859
1426 1873
1426 1884
1426 1893
1426 1899
1426 1903
1427 1429
1427 1435
1427 1446
1427 1464
1427 1473
1427 1487
1427 1515
1427 1525
1427 1526
1427 1545
1427 1549
1427 1565
1427 1584
1427 1625
1427 1645
1427 1660
1427 1661
1427 1673
1427 1695
1427 1763
1427 1766
1427 1767
1427 1773
1427 1790
1427 1794
1427 1801
1427 1807
1427 1844
1427 1853
1427 1878
1427 1881
1427 1882
1427 1893
1428 1469
1428 1472
1428 1482
1428 1541
1428 1624
1428 1703
1428 1709
1428 1756
1428 1815
1428 1831
1428 1904
1429 1464
1429 1487
1429 1489
1429 1502
1429 1503
1429 1515
1429 1526
1429 1649
1429 1661
1429 1704
1429 1706
1429 1729
1429 1786
1429 1794
1429 1828
1429 1844
1429 1850
1430 1660
1431 1434
1431 1439
1431 1441
1431 1447
1431 1449
1431 1456
1431 1457
1431 1467
1431 1470
1431 1471
1431 1480
1431 1483
1431 1488
1431 1491
1431 1509
1431 1516
1431 1520
1431 1522
1431 1530
1431 1535
1431 1538
1431 1539
1431 1542
1431 1544
1431 1547
1431 1551
1431 1554
1431 1557
1431 1559
1431 1564
1431 1570
1431 1584
1431 1585
1431 1589
1431 1590
1431 1597
1431 1598
1431 1600
1431 1603
1431 1604
1431 1605
1431 1608
1431 1610
1431 1612
1431 1613
1431 1614
1431 1619
1431 1620
1431 1621
1431 1622
1431 1623
1431 1643
1431 1662
1431 1663
1431 1665
1431 1668
1431 1669
1431 1675
1431 1683
1431 1685
1431 1689
1431 1712
1431 1714
1431 1717
1431 1721
1431 1730
1431 1734
1431 1735
1431 1736
1431 1737
1431 1741
1431 1746
1431 1750
1431 1752
1431 1757
1431 1761
1431 1768
1431 1779
1431 1782
1431 1789
1431 1791
1431 1793
1431 1796
1431 1799
1431 1800
1431 1804
1431 1809
1431 1810
1431 1813
1431 1816
1431 1819
1431 1823
1431 1826
1431 1827
1431 1832
1431 1833
1431 1835
1431 1839
1431 1842
1431 1845
1431 1849
1431 1864
1431 1867
1431 1868
1431 1877
1431 1879
1431 1886
1431 1888
1431 1898
1431 1900
1431 1902
1431 1905
1432 1438
1432 1462
1432 1479
1432 1495
1432 1573
1432 1578
1432 1583
1432 1596
1432 1611
1432 1628
1432 1635
1432 1647
1432 1661
1432 1680
1432 1715
1432 1716
1432 1824
1432 1841
1432 1857
1432 1859
1432 1862
1432 1875
1432 1899
1432 1903
1433 1494
1433 1511
1433 1567
1433 1615
1433 1687
1433 1698
1433 1705
1433 1708
1433 1806
1433 1825
1433 1866
1434 1441
1434 1460
1434 1544
1434 1564
1434 1585
1434 1590
1434 1666
1434 1779
1434 1822
1434 1846
1434 1860
1435 1444
1435 1473
1435 1492
1435 1523
1435 1525
1435 1539
1435 1540
1435 1569
1435 1584
1435 1597
1435 1600
1435 1622
1435 1630
1435 1652
1435 1683
1435 1699
1435 1717
1435 1729
1435 1746
1435 1800
1435 1807
1435 1818
1435 1819
1435 1827
1435 1867
1435 1877
1435 1894
1435 1897
1436 1444
1436 1472
1436 1575
1436 1583
1436 1620
1436 1686
1436 1699
1436 1727
1436 1794
1436 1881
1437 1440
1437 1551
1437 1594
1437 1605
1437 1626
1437 1662
1437 1663
1437 1702
1437 1707
1437 1721
1437 1730
1437 1736
1437 1741
1437 1780
1437 1793
1437 1813
1437 1816
1437 1827
1437 1839
1437 1843
1437 1845
1437 1849
1437 1858
1437 1864
1437 1902
1437 1909
1437 1911
1438 1459
1438 1462
1438 1573
1438 1583
1438 1587
1438 1592
1438 1611
1438 1628
1438 1636
1438 1859
1438 1899
1439 1471
1439 1559
1439 1589
1439 1610
1439 1613
1439 1621
1439 1623
1439 1757
1439 1804
1439 1888
1440 1523
1440 1537
1440 1590
1440 1594
1440 1626
1440 1639
1440 1702
1440 1718
1440 1780
1440 1805
1440 1817
1440 1843
1440 1852
1440 1858
1440 1863
1440 1865
1440 1883
1440 1909
1440 1911
1441 1544
1441 1564
1441 1585
1441 1666
1441 1779
1441 1822
1441 1905
1442 1471
1443 1453
1443 1531
1443 1831
1443 1910
1444 1472
1444 1500
1444 1536
1444 1540
1444 1569
1444 1620
1444 1630
1444 1699
1444 1703
1444 1713
1444 1738
1444 1783
1444 1807
1444 1876
1445 1505
1445 1687
1445 1702
1445 1806
1446 1514
1446 1549
1446 1565
1446 1574
1446 1616
1446 1645
1446 1692
1446 1694
1446 1695
1446 1744
1446 1763
1446 1766
1446 1773
1446 1778
1446 1790
1446 1882
1447 1456
1447 1457
1447 1458
1447 1463
1447 1470
1447 1471
1447 1483
1447 1488
1447 1509
1447 1517
1447 1535
1447 1542
1447 1551
1447 1559
1447 1570
1447 1571
1447 1580
1447 1584
1447 1589
1447 1597
1447 1598
1447 1604
1447 1605
1447 1608
1447 1609
1447 1610
1447 1612
1447 1613
1447 1619
1447 1622
1447 1632
1447 1637
1447 1662
1447 1663
1447 1665
1447 1669
1447 1675
1447 1685
1447 1702
1447 1707
1447 1712
1447 1714
1447 1717
1447 1721
1447 1722
1447 1723
1447 1730
1447 1741
1447 1746
1447 1761
1447 1768
1447 1772
1447 1793
1447 1800
1447 1804
1447 1809
1447 1811
1447 1813
1447 1816
1447 1826
1447 1827
1447 1835
1447 1839
1447 1842
1447 1843
1447 1849
1447 1861
1447 1863
1447 1868
1447 1879
1447 1888
1447 1898
1447 1902
1448 1459
1448 1462
1448 1472
1448 1475
1448 1479
1448 1573
1448 1576
1448 1591
1448 1596
1448 1611
1448 1628
1448 1636
1448 1655
1448 1691
1448 1786
1448 1790
1448 1857
1448 1873
1448 1893
1449 1456
1449 1458
1449 1467
1449 1471
1449 1480
1449 1485
1449 1488
1449 1538
1449 1547
1449 1556
1449 1584
1449 1589
1449 1598
1449 1603
1449 1604
1449 1610
1449 1612
1449 1614
1449 1619
1449 1663
1449 1668
1449 1707
1449 1712
1449 1714
1449 1735
1449 1736
1449 1746
1449 1757
1449 1769
1449 1782
1449 1799
1449 1800
1449 1804
1449 1809
1449 1823
1449 1826
1449 1833
1449 1836
1449 1839
1449 1852
1449 1860
1449 1863
1449 1868
1449 1874
1449 1886
1449 1888
1450 1505
1450 1534
1450 1561
1450 1656
1450 1666
1450 1678
1450 1684
1450 1726
1450 1792
1450 2968
1450 2976
1450 3011
1450 3179
1450 3245
1450 3263
1450 3278
1450 3289
1451 1495
1451 1502
1451 1515
1451 1582
1451 1729
1451 1732
1451 1742
1451 1783
1451 1786
1451 1794
1451 1820
1451 1824
1451 1871
1451 1894
1452 1468
1452 1493
1452 1533
1452 1548
1452 1568
1452 1593
1452 1601
1452 1629
1452 1648
1452 1733
1452 1747
1452 1784
1452 1787
1452 1798
1452 1802
1452 1837
1452 1880
1452 1895
1453 1478
1453 1575
1453 1621
1453 1671
1453 1694
1453 1743
1453 1807
1453 1818
1453 1829
1453 1831
1453 1885
1453 1897
1454 1495
1454 1502
1454 1503
1454 1515
1454 1636
1454 1661
1454 1704
1454 1706
1454 1729
1454 1732
1454 1742
1454 1751
1454 1783
1454 1786
1454 1812
1454 1820
1454 1824
1454 1828
1454 1871
1454 1875
1454 1893
1454 1894
1455 1473
1455 1545
1455 1654
1456 1457
1456 1471
1456 1480
1456 1483
1456 1488
1456 1516
1456 1524
1456 1539
1456 1542
1456 1547
1456 1556
1456 1557
1456 1559
1456 1571
1456 1580
1456 1584
1456 1589
1456 1598
1456 1603
1456 1604
1456 1605
1456 1608
1456 1610
1456 1613
1456 1614
1456 1619
1456 1621
1456 1622
1456 1652
1456 1662
1456 1663
1456 1665
1456 1668
1456 1707
1456 1712
1456 1714
1456 1717
1456 1736
1456 1741
1456 1746
1456 1752
1456 1757
1456 1761
1456 1768
1456 1772
1456 1789
1456 1793
1456 1796
1456 1800
1456 1804
1456 1809
1456 1810
1456 1816
1456 1826
1456 1832
1456 1833
1456 1839
1456 1849
1456 1868
1456 1874
1456 1879
1456 1886
1456 1888
1456 1898
1456 1902
1457 1471
1457 1488
1457 1491
1457 1547
1457 1584
1457 1598
1457 1600
1457 1605
1457 1610
1457 1612
1457 1619
1457 1621
1457 1622
1457 1663
1457 1665
1457 1707
1457 1712
1457 1714
1457 1746
1457 1757
1457 1800
1457 1809
1457 1816
1457 1826
1457 1832
1457 1833
1457 1839
1457 1868
1457 1888
1457 1898
1458 1467
1458 1480
1458 1488
1458 1590
1458 1665
1458 1718
1458 1768
1458 1769
1458 1774
1458 1782
1458 1805
1458 1817
1458 1845
1458 1846
1458 1852
1458 1863
1459 1462
1459 1475
1459 1479
1459 1489
1459 1495
1459 1502
1459 1515
1459 1550
1459 1573
1459 1576
1459 1583
1459 1587
1459 1591
1459 1592
1459 1596
1459 1611
1459 1628
1459 1636
1459 1647
1459 1649
1459 1655
1459 1661
1459 1680
1459 1682
1459 1691
1459 1706
1459 1715
1459 1716
1459 1720
1459 1742
1459 1783
1459 1786
1459 1841
1459 1848
1459 1857
1459 1859
1459 1862
1459 1872
1459 1873
1459 1875
1459 1887
1459 1893
1459 1899
1459 1903
1460 1470
1460 1480
1460 1501
1460 1505
1460 1509
1460 1513
1460 1522
1460 1570
1460 1590
1460 1622
1460 1637
1460 1639
1460 1662
1460 1730
1460 1765
1460 1768
1460 1782
1460 1835
1460 1842
1460 1851
1461 1505
1461 1758
1462 1475
1462 1479
1462 1550
1462 1573
1462 1576
1462 1578
1462 1583
1462 1587
1462 1591
1462 1596
1462 1611
1462 1628
1462 1635
1462 1636
1462 1647
1462 1655
1462 1680
1462 1691
1462 1715
1462 1716
1462 1720
1462 1728
1462 1764
1462 1790
1462 1841
1462 1857
1462 1859
1462 1862
1462 1872
1462 1873
1462 1884
1462 1899
1462 1903
1463 1675
1463 1741
1463 1789
1463 1804
1463 1833
1463 1888
1464 1487
1464 1526
1464 1660
1464 1677
1464 1695
1464 1766
1464 1794
1464 1844
1464 1853
1464 1878
1465 1483
1465 1577
1465 1702
1465 1718
1465 1883
1465 1912
1465 1920
1465 1941
1465 1945
1465 1948
1465 1959
1465 2007
1465 2028
1465 2032
1465 2042
1465 2047
1465 2053
1465 2054
1465 2065
1465 2068
1465 2081
1465 2087
1465 2102
1465 2111
1465 2117
1465 2125
1465 2128
1465 2132
1465 2134
1465 2135
1465 2138
1465 2148
1465 2149
1465 2153
1465 2169
1465 2180
1465 2183
1465 2187
1465 2191
1465 2194
1465 2196
1465 2198
1465 2199
1465 2203
1465 2223
1465 2239
1465 2247
1465 2250
1465 2264
1465 2266
1465 2267
1465 2268
1465 2279
1465 2282
1465 2283
1465 2285
1465 2289
1465 2292
1465 2293
1465 2302
1465 2315
1465 2319
1465 2327
1465 2328
1465 2332
1465 2333
1465 2336
1465 2338
1465 2347
1465 2351
1465 2368
1465 2372
1465 2384
1465 2385
1465 2398
1465 2399
1465 2420
1465 2458
1465 2491
1465 2496
1465 2501
1465 2508
1465 2509
1465 2510
1465 2512
1465 2516
1465 2530
1465 2533
1465 2542
1465 2543
1465 2547
1465 2555
1465 2567
1465 2592
1465 2597
1465 2598
1465 2608
1465 2629
1465 2642
1465 2643
1465 2649
1467 1480
1467 1488
1467 1491
1467 1509
1467 1516
1467 1520
1467 1522
1467 1528
1467 1539
1467 1551
1467 1554
1467 1559
1467 1584
1467 1589
1467 1590
1467 1597
1467 1598
1467 1603
1467 1612
1467 1613
1467 1614
1467 1617
1467 1621
1467 1623
1467 1637
1467 1639
1467 1643
1467 1662
1467 1663
1467 1669
1467 1685
1467 1707
1467 1714
1467 1730
1467 1734
1467 1735
1467 1746
1467 1750
1467 1757
1467 1761
1467 1765
1467 1768
1467 1769
1467 1782
1467 1791
1467 1799
1467 1800
1467 1804
1467 1805
1467 1823
1467 1827
1467 1833
1467 1835
1467 1839
1467 1843
1467 1846
1467 1851
1467 1867
1467 1886
1467 1888
1468 1493
1468 1533
1468 1548
1468 1568
1468 1601
1468 1648
1468 1733
1468 1787
1468 1798
1468 1802
1468 1837
1468 1880
1468 1892
1468 1895
1469 1472
1469 1482
1469 1496
1469 1504
1469 1507
1469 1536
1469 1541
1469 1624
1469 1633
1469 1634
1469 1664
1469 1667
1469 1672
1469 1703
1469 1709
1469 1725
1469 1739
1469 1770
1469 1783
1469 1815
1469 1866
1469 1869
1469 1876
1469 1889
1469 1904
1469 1906
1470 1483
1470 1509
1470 1519
1470 1535
1470 1551
1470 1553
1470 1559
1470 1563
1470 1570
1470 1590
1470 1604
1470 1605
1470 1609
1470 1620
1470 1637
1470 1663
1470 1669
1470 1675
1470 1717
1470 1730
1470 1741
1470 1768
1470 1791
1470 1811
1470 1813
1470 1826
1470 1835
1470 1843
1470 1861
1470 1868
1470 1888
1471 1480
1471 1483
1471 1488
1471 1491
1471 1509
1471 1516
1471 1530
1471 1538
1471 1547
1471 1551
1471 1554
1471 1556
1471 1559
1471 1561
1471 1563
1471 1580
1471 1584
1471 1589
1471 1590
1471 1597
1471 1598
1471 1600
1471 1603
1471 1604
1471 1605
1471 1610
1471 1612
1471 1613
1471 1614
1471 1619
1471 1621
1471 1623
1471 1637
1471 1643
1471 1652
1471 1659
1471 1662
1471 1663
1471 1668
1471 1675
1471 1683
1471 1707
1471 1712
1471 1714
1471 1717
1471 1730
1471 1735
1471 1736
1471 1741
1471 1746
1471 1752
1471 1753
1471 1757
1471 1761
1471 1768
1471 1772
1471 1789
1471 1793
1471 1799
1471 1800
1471 1804
1471 1809
1471 1816
1471 1821
1471 1823
1471 1826
1471 1827
1471 1832
1471 1833
1471 1835
1471 1839
1471 1842
1471 1849
1471 1863
1471 1868
1471 1879
1471 1886
1471 1888
1471 1898
1471 1902
1471 1909
1472 1482
1472 1496
1472 1500
1472 1504
1472 1507
1472 1525
1472 1529
1472 1536
1472 1541
1472 1569
1472 1575
1472 1624
1472 1630
1472 1633
1472 1634
1472 1650
1472 1667
1472 1672
1472 1681
1472 1686
1472 1699
1472 1703
1472 1709
1472 1725
1472 1727
1472 1738
1472 1770
1472 1781
1472 1783
1472 1807
1472 1815
1472 1847
1472 1869
1472 1876
1472 1904
1472 1906
1473 1487
1473 1502
1473 1525
1473 1536
1473 1545
1473 1569
1473 1574
1473 1584
1473 1630
1473 1654
1473 1673
1473 1699
1473 1703
1473 1709
1473 1738
1473 1762
1473 1767
1473 1786
1473 1807
1473 1818
1473 1901
1474 1840
1475 1479
1475 1502
1475 1573
1475 1576
1475 1591
1475 1596
1475 1611
1475 1628
1475 1636
1475 1649
1475 1661
1475 1682
1475 1691
1475 1706
1475 1715
1475 1716
1475 1742
1475 1786
1475 1790
1475 1818
1475 1862
1475 1887
1475 1893
1475 1899
1476 1527
1476 1642
1476 1670
1477 1505
1477 1585
1477 1641
1477 1666
1477 1792
1477 1909
1478 1545
1478 1566
1478 1671
1478 1694
1478 1743
1478 1829
1478 1831
1478 1910
1479 1502
1479 1515
1479 1573
1479 1576
1479 1578
1479 1583
1479 1587
1479 1595
1479 1596
1479 1611
1479 1628
1479 1636
1479 1655
1479 1661
1479 1680
1479 1682
1479 1691
1479 1715
1479 1716
1479 1720
1479 1786
1479 1790
1479 1830
1479 1841
1479 1857
1479 1859
1479 1862
1479 1871
1479 1872
1479 1873
1479 1884
1479 1893
1479 1899
1479 1903
1480 1488
1480 1501
1480 1513
1480 1556
1480 1590
1480 1598
1480 1600
1480 1610
1480 1612
1480 1614
1480 1619
1480 1620
1480 1621
1480 1639
1480 1652
1480 1653
1480 1662
1480 1666
1480 1668
1480 1712
1480 1721
1480 1752
1480 1757
1480 1758
1480 1765
1480 1768
1480 1774
1480 1782
1480 1789
1480 1800
1480 1804
1480 1805
1480 1809
1480 1816
1480 1821
1480 1833
1480 1839
1480 1849
1480 1851
1480 1858
1480 1863
1480 1874
1480 1879
1480 1886
1480 1888
1481 1503
1481 1569
1481 1591
1481 1633
1481 1749
1481 1783
1481 1828
1481 1876
1482 1496
1482 1504
1482 1525
1482 1529
1482 1536
1482 1541
1482 1624
1482 1630
1482 1634
1482 1650
1482 1681
1482 1703
1482 1709
1482 1770
1482 1847
1482 1869
1482 1876
1482 1904
1483 1498
1483 1517
1483 1535
1483 1551
1483 1570
1483 1571
1483 1580
1483 1584
1483 1589
1483 1597
1483 1598
1483 1604
1483 1605
1483 1609
1483 1613
1483 1619
1483 1621
1483 1632
1483 1637
1483 1663
1483 1665
1483 1669
1483 1685
1483 1707
1483 1714
1483 1722
1483 1723
1483 1730
1483 1736
1483 1741
1483 1746
1483 1768
1483 1772
1483 1793
1483 1800
1483 1809
1483 1813
1483 1816
1483 1826
1483 1832
1483 1835
1483 1842
1483 1849
1483 1868
1483 1879
1483 1888
1483 1898
1483 1902
1484 1610
1484 1754
1484 1800
1484 1845
1484 1874
1484 1888
1485 1509
1485 1520
1485 1554
1485 1559
1485 1563
1485 1612
1485 1618
1485 1637
1485 1644
1485 1659
1485 1718
1485 1730
1485 1735
1485 1753
1485 1769
1485 1774
1485 1782
1485 1799
1485 1813
1485 1827
1485 1835
1485 1836
1485 1845
1485 1846
1485 1891
1487 1497
1487 1536
1487 1543
1487 1545
1487 1574
1487 1604
1487 1620
1487 1646
1487 1660
1487 1675
1487 1677
1487 1692
1487 1744
1487 1794
1487 1813
1487 1844
1487 1853
1487 1881
1487 1885
1487 1897
1487 1910
1488 1516
1488 1522
1488 1530
1488 1539
1488 1542
1488 1547
1488 1554
1488 1557
1488 1559
1488 1584
1488 1598
1488 1604
1488 1605
1488 1610
1488 1619
1488 1621
1488 1662
1488 1663
1488 1665
1488 1668
1488 1689
1488 1707
1488 1712
1488 1714
1488 1717
1488 1722
1488 1737
1488 1741
1488 1746
1488 1752
1488 1768
1488 1782
1488 1789
1488 1793
1488 1800
1488 1804
1488 1809
1488 1810
1488 1813
1488 1816
1488 1823
1488 1826
1488 1827
1488 1832
1488 1833
1488 1836
1488 1839
1488 1845
1488 1863
1488 1868
1488 1879
1488 1888
1488 1898
1489 1495
1489 1502
1489 1503
1489 1515
1489 1591
1489 1649
1489 1661
1489 1704
1489 1706
1489 1729
1489 1783
1489 1794
1489 1850
1489 1893
1490 1616
1490 1631
1490 1673
1491 1516
1491 1522
1491 1530
1491 1532
1491 1538
1491 1539
1491 1547
1491 1551
1491 1557
1491 1559
1491 1572
1491 1584
1491 1589
1491 1597
1491 1603
1491 1608
1491 1612
1491 1613
1491 1617
1491 1621
1491 1622
1491 1623
1491 1644
1491 1653
1491 1662
1491 1663
1491 1668
1491 1669
1491 1678
1491 1689
1491 1707
1491 1712
1491 1714
1491 1721
1491 1730
1491 1735
1491 1736
1491 1737
1491 1746
1491 1750
1491 1752
1491 1761
1491 1789
1491 1791
1491 1793
1491 1795
1491 1799
1491 1800
1491 1804
1491 1810
1491 1813
1491 1823
1491 1826
1491 1827
1491 1833
1491 1839
1491 1842
1491 1849
1491 1864
1491 1867
1491 1879
1491 1888
1492 1569
1493 1548
1493 1568
1493 1601
1493 1648
1493 1733
1493 1787
1493 1798
1493 1837
1493 1880
1493 1895
1494 1511
1494 1555
1494 1567
1494 1588
1494 1593
1494 1615
1494 1676
1494 1687
1494 1705
1494 1803
1494 1825
1495 1502
1495 1508
1495 1515
1495 1573
1495 1583
1495 1591
1495 1595
1495 1649
1495 1661
1495 1706
1495 1715
1495 1729
1495 1732
1495 1751
1495 1783
1495 1786
1495 1812
1495 1820
1495 1824
1495 1871
1495 1893
1495 1894
1495 1907
1496 1504
1496 1507
1496 1525
1496 1529
1496 1536
1496 1541
1496 1545
1496 1569
1496 1574
1496 1624
1496 1630
1496 1681
1496 1703
1496 1709
1496 1727
1496 1745
1496 1770
1496 1847
1496 1904
1497 1566
1497 1599
1497 1604
1497 1620
1497 1646
1497 1671
1497 1675
1497 1683
1497 1731
1497 1743
1497 1761
1497 1813
1497 1814
1497 1831
1497 1881
1497 1885
1497 1910
1498 1537
1498 1571
1498 1827
1499 1546
1499 1552
1499 1562
1499 1889
1500 1504
1500 1525
1500 1536
1500 1630
1500 1633
1500 1634
1500 1686
1500 1785
1501 1513
1501 1639
1501 1765
1501 1845
1501 1851
1501 1909
1502 1503
1502 1515
1502 1573
1502 1587
1502 1591
1502 1596
1502 1636
1502 1649
1502 1704
1502 1706
1502 1725
1502 1729
1502 1732
1502 1742
1502 1783
1502 1786
1502 1794
1502 1812
1502 1828
1502 1848
1502 1850
1502 1871
1502 1893
1502 1894
1502 1907
1503 1649
1503 1706
1503 1729
1503 1783
1503 1794
1503 1828
1503 1850
1503 1894
1504 1507
1504 1525
1504 1536
1504 1541
1504 1624
1504 1630
1504 1633
1504 1634
1504 1672
1504 1699
1504 1703
1504 1709
1504 1725
1504 1770
1504 1783
1504 1785
1504 1815
1504 1876
1504 1904
1504 1906
1505 1528
1505 1534
1505 1552
1505 1561
1505 1593
1505 1656
1505 1666
1505 1674
1505 1684
1505 1701
1505 1758
1505 2678
1505 2725
1505 2734
1505 2760
1505 2764
1505 2826
1505 2883
1505 2964
1505 2968
1505 2976
1505 3005
1505 3011
1505 3019
1505 3020
1505 3062
1505 3079
1505 3164
1505 3165
1505 3168
1505 3205
1505 3245
1505 3258
1505 3278
1505 3386
1505 3409
1506 1512
1506 1616
1507 1541
1507 1624
1507 1630
1507 1667
1507 1672
1507 1681
1507 1770
1507 1783
1507 1847
1507 1876
1508 1638
1508 1729
1508 1742
1508 1751
1508 1783
1508 1786
1508 1820
1508 1824
1508 1848
1508 1871
1508 1893
1508 1894
1509 1513
1509 1516
1509 1517
1509 1520
1509 1528
1509 1551
1509 1554
1509 1559
1509 1563
1509 1570
1509 1584
1509 1589
1509 1590
1509 1603
1509 1604
1509 1608
1509 1609
1509 1610
1509 1612
1509 1613
1509 1617
1509 1621
1509 1622
1509 1639
1509 1643
1509 1659
1509 1663
1509 1669
1509 1675
1509 1683
1509 1689
1509 1718
1509 1730
1509 1735
1509 1746
1509 1752
1509 1761
1509 1765
1509 1768
1509 1774
1509 1791
1509 1795
1509 1799
1509 1800
1509 1804
1509 1823
1509 1827
1509 1833
1509 1835
1509 1839
1509 1842
1509 1861
1509 1864
1509 1886
1509 1888
1509 1891
1509 1901
1510 1650
1510 1770
1510 1778
1511 1553
1511 1555
1511 1567
1511 1615
1511 1656
1511 1676
1511 1687
1511 1698
1511 1705
1511 1806
1511 1825
1511 1866
1512 1543
1512 1616
1512 1660
1512 1673
1512 1694
1512 1740
1512 1767
1512 1790
1512 1878
1513 1522
1513 1528
1513 1535
1513 1584
1513 1590
1513 1621
1513 1622
1513 1637
1513 1639
1513 1718
1513 1730
1513 1765
1513 1779
1513 1782
1513 1791
1513 1835
1513 1842
1513 1846
1513 1851
1513 1852
1513 1883
1514 1574
1514 1602
1514 1616
1514 1645
1514 1677
1514 1679
1514 1694
1514 1740
1514 1744
1514 1801
1514 1844
1514 1878
1514 1882
1514 1893
1515 1573
1515 1582
1515 1591
1515 1595
1515 1636
1515 1638
1515 1649
1515 1661
1515 1704
1515 1706
1515 1729
1515 1732
1515 1742
1515 1783
1515 1786
1515 1794
1515 1820
1515 1824
1515 1828
1515 1848
1515 1871
1515 1875
1515 1893
1515 1899
1516 1520
1516 1522
1516 1530
1516 1539
1516 1547
1516 1551
1516 1554
1516 1557
1516 1559
1516 1570
1516 1584
1516 1589
1516 1597
1516 1598
1516 1600
1516 1603
1516 1604
1516 1608
1516 1610
1516 1612
1516 1613
1516 1614
1516 1617
1516 1619
1516 1621
1516 1622
1516 1623
1516 1643
1516 1653
1516 1662
1516 1663
1516 1665
1516 1668
1516 1669
1516 1675
1516 1689
1516 1707
1516 1712
1516 1714
1516 1717
1516 1721
1516 1730
1516 1735
1516 1736
1516 1737
1516 1741
1516 1746
1516 1750
1516 1752
1516 1757
1516 1761
1516 1768
1516 1782
1516 1789
1516 1791
1516 1793
1516 1799
1516 1800
1516 1804
1516 1810
1516 1813
1516 1816
1516 1819
1516 1823
1516 1826
1516 1827
1516 1833
1516 1835
1516 1839
1516 1849
1516 1867
1516 1868
1516 1879
1516 1888
1517 1580
1517 1604
1517 1610
1517 1613
1517 1622
1517 1663
1517 1665
1517 1685
1517 1722
1517 1730
1517 1741
1517 1813
1517 1827
1517 1845
1517 1898
1518 1537
1518 1567
1518 1620
1518 1683
1518 1774
1518 1866
1519 1527
1519 1528
1519 1535
1519 1553
1519 1557
1519 1570
1519 1620
1519 1642
1519 1674
1519 1688
1519 1768
1519 1832
1519 1845
1519 1861
1519 1864
1519 1900
1520 1523
1520 1530
1520 1540
1520 1551
1520 1554
1520 1557
1520 1559
1520 1563
1520 1584
1520 1589
1520 1590
1520 1597
1520 1600
1520 1603
1520 1610
1520 1612
1520 1613
1520 1621
1520 1622
1520 1639
1520 1643
1520 1659
1520 1662
1520 1663
1520 1669
1520 1675
1520 1683
1520 1685
1520 1689
1520 1700
1520 1707
1520 1714
1520 1717
1520 1730
1520 1746
1520 1750
1520 1752
1520 1761
1520 1765
1520 1768
1520 1791
1520 1793
1520 1795
1520 1799
1520 1800
1520 1804
1520 1813
1520 1816
1520 1819
1520 1827
1520 1833
1520 1835
1520 1842
1520 1846
1520 1861
1520 1877
1520 1888
1520 1891
1521 1626
1521 1702
1521 1909
1521 1911
1522 1528
1522 1530
1522 1532
1522 1547
1522 1551
1522 1553
1522 1554
1522 1557
1522 1559
1522 1563
1522 1570
1522 1584
1522 1589
1522 1590
1522 1600
1522 1603
1522 1604
1522 1608
1522 1609
1522 1612
1522 1613
1522 1617
1522 1620
1522 1621
1522 1622
1522 1632
1522 1639
1522 1643
1522 1659
1522 1663
1522 1668
1522 1669
1522 1683
1522 1685
1522 1688
1522 1689
1522 1707
1522 1712
1522 1714
1522 1718
1522 1730
1522 1735
1522 1746
1522 1750
1522 1752
1522 1761
1522 1765
1522 1768
1522 1791
1522 1795
1522 1799
1522 1800
1522 1804
1522 1816
1522 1821
1522 1823
1522 1826
1522 1827
1522 1833
1522 1835
1522 1839
1522 1842
1522 1845
1522 1851
1522 1864
1522 1868
1522 1877
1522 1879
1522 1886
1522 1888
1522 1898
1523 1532
1523 1540
1523 1554
1523 1557
1523 1572
1523 1600
1523 1609
1523 1617
1523 1618
1523 1621
1523 1622
1523 1632
1523 1659
1523 1663
1523 1674
1523 1683
1523 1689
1523 1718
1523 1723
1523 1724
1523 1746
1523 1750
1523 1768
1523 1780
1523 1795
1523 1800
1523 1811
1523 1819
1523 1827
1523 1835
1523 1852
1523 1863
1523 1867
1523 1877
1523 1891
1523 1911
1524 1557
1524 1572
1524 1580
1524 1589
1524 1608
1524 1613
1524 1623
1524 1688
1524 1689
1524 1730
1524 1746
1524 1752
1524 1757
1524 1772
1524 1796
1524 1800
1524 1804
1524 1827
1524 1867
1524 1888
1525 1529
1525 1536
1525 1541
1525 1549
1525 1569
1525 1630
1525 1634
1525 1681
1525 1686
1525 1699
1525 1703
1525 1709
1525 1745
1525 1770
1525 1781
1525 1783
1525 1785
1525 1807
1525 1876
1525 1897
1526 1545
1526 1565
1526 1645
1526 1692
1526 1696
1526 1766
1526 1794
1526 1844
1526 1853
1526 1878
1527 1642
1527 1670
1527 1674
1527 1852
1527 1911
1528 1557
1528 1559
1528 1563
1528 1589
1528 1603
1528 1608
1528 1609
1528 1612
1528 1613
1528 1620
1528 1637
1528 1663
1528 1669
1528 1675
1528 1685
1528 1688
1528 1710
1528 1722
1528 1723
1528 1724
1528 1730
1528 1746
1528 1753
1528 1754
1528 1757
