1528 1765
1528 1768
1528 1782
1528 1791
1528 1811
1528 1813
1528 1827
1528 1835
1528 1845
1528 1864
1529 1569
1529 1574
1529 1630
1529 1650
1529 1667
1529 1699
1529 1709
1529 1727
1529 1745
1529 1761
1529 1770
1529 1778
1529 1781
1529 1783
1529 1785
1529 1807
1529 1828
1529 1855
1530 1554
1530 1559
1530 1563
1530 1580
1530 1584
1530 1589
1530 1597
1530 1598
1530 1603
1530 1608
1530 1610
1530 1612
1530 1613
1530 1617
1530 1643
1530 1662
1530 1663
1530 1668
1530 1669
1530 1689
1530 1707
1530 1714
1530 1721
1530 1730
1530 1735
1530 1736
1530 1737
1530 1746
1530 1750
1530 1752
1530 1754
1530 1768
1530 1793
1530 1795
1530 1800
1530 1804
1530 1809
1530 1810
1530 1813
1530 1823
1530 1826
1530 1827
1530 1833
1530 1839
1530 1849
1530 1867
1530 1868
1530 1879
1530 1888
1530 1902
1531 1543
1531 1620
1531 1646
1531 1738
1531 1743
1531 1781
1531 1831
1531 1876
1532 1597
1532 1604
1532 1617
1532 1623
1532 1632
1532 1653
1532 1700
1532 1707
1532 1746
1532 1757
1532 1789
1532 1800
1532 1810
1532 1827
1532 1833
1532 1867
1532 1886
1532 1888
1533 1548
1533 1568
1533 1601
1533 1629
1533 1733
1533 1747
1533 1758
1533 1787
1533 1798
1533 1802
1533 1837
1533 1880
1533 1895
1534 1577
1534 1642
1534 1666
1534 1674
1534 1684
1534 1687
1534 1701
1534 1758
1534 1825
1534 2693
1534 2764
1534 2822
1534 2883
1534 2979
1534 3101
1534 3222
1534 3245
1534 3248
1534 3263
1534 3265
1534 3278
1534 3361
1534 3385
1535 1537
1535 1551
1535 1559
1535 1570
1535 1571
1535 1604
1535 1608
1535 1609
1535 1639
1535 1663
1535 1669
1535 1675
1535 1685
1535 1717
1535 1730
1535 1768
1535 1793
1535 1804
1535 1811
1535 1813
1535 1835
1535 1842
1535 1843
1535 1861
1535 1868
1535 1898
1536 1574
1536 1629
1536 1630
1536 1633
1536 1634
1536 1686
1536 1690
1536 1692
1536 1699
1536 1703
1536 1709
1536 1725
1536 1727
1536 1738
1536 1770
1536 1787
1536 1807
1536 1876
1536 1881
1536 1897
1536 1906
1537 1567
1537 1613
1537 1806
1537 1856
1538 1542
1538 1556
1538 1559
1538 1563
1538 1584
1538 1589
1538 1603
1538 1612
1538 1621
1538 1623
1538 1643
1538 1652
1538 1653
1538 1662
1538 1665
1538 1707
1538 1714
1538 1717
1538 1730
1538 1735
1538 1750
1538 1757
1538 1769
1538 1780
1538 1789
1538 1793
1538 1799
1538 1800
1538 1810
1538 1821
1538 1833
1538 1839
1538 1874
1538 1888
1539 1540
1539 1551
1539 1557
1539 1559
1539 1584
1539 1603
1539 1608
1539 1612
1539 1620
1539 1621
1539 1622
1539 1623
1539 1632
1539 1639
1539 1652
1539 1653
1539 1663
1539 1669
1539 1683
1539 1689
1539 1721
1539 1724
1539 1746
1539 1750
1539 1752
1539 1768
1539 1789
1539 1791
1539 1795
1539 1816
1539 1819
1539 1827
1539 1835
1539 1839
1539 1861
1539 1867
1539 1877
1540 1554
1540 1557
1540 1569
1540 1584
1540 1597
1540 1600
1540 1618
1540 1622
1540 1630
1540 1652
1540 1669
1540 1683
1540 1689
1540 1699
1540 1711
1540 1717
1540 1718
1540 1730
1540 1800
1540 1807
1540 1813
1540 1818
1540 1819
1540 1827
1540 1845
1540 1864
1540 1867
1540 1877
1540 1891
1540 1909
1541 1624
1541 1672
1541 1681
1541 1699
1541 1727
1541 1770
1541 1847
1541 1904
1542 1580
1542 1589
1542 1598
1542 1604
1542 1605
1542 1610
1542 1619
1542 1662
1542 1665
1542 1668
1542 1707
1542 1712
1542 1717
1542 1772
1542 1793
1542 1800
1542 1809
1542 1810
1542 1816
1542 1826
1542 1832
1542 1839
1542 1845
1542 1868
1542 1888
1542 1898
1542 1902
1543 1574
1543 1660
1543 1677
1543 1679
1543 1692
1543 1844
1543 1870
1543 1878
1543 1881
1544 1564
1544 1585
1544 1779
1544 1822
1544 1905
1545 1574
1545 1654
1545 1679
1545 1696
1545 1743
1545 1762
1545 1767
1545 1778
1545 1831
1545 1844
1545 1853
1545 1910
1546 1889
1547 1551
1547 1554
1547 1556
1547 1559
1547 1584
1547 1589
1547 1600
1547 1603
1547 1605
1547 1610
1547 1613
1547 1619
1547 1620
1547 1621
1547 1623
1547 1652
1547 1662
1547 1665
1547 1668
1547 1707
1547 1712
1547 1714
1547 1721
1547 1730
1547 1736
1547 1737
1547 1741
1547 1746
1547 1757
1547 1789
1547 1793
1547 1800
1547 1804
1547 1809
1547 1813
1547 1816
1547 1823
1547 1826
1547 1827
1547 1832
1547 1833
1547 1839
1547 1849
1547 1864
1547 1868
1547 1879
1547 1886
1547 1888
1547 1898
1547 1902
1548 1568
1548 1601
1548 1648
1548 1733
1548 1747
1548 1787
1548 1798
1548 1802
1548 1837
1548 1880
1548 1892
1548 1895
1549 1565
1549 1574
1549 1624
1549 1625
1549 1671
1549 1695
1549 1703
1549 1740
1549 1763
1549 1766
1549 1773
1549 1778
1549 1801
1549 1844
1550 1573
1550 1576
1550 1578
1550 1583
1550 1591
1550 1596
1550 1611
1550 1628
1550 1647
1550 1691
1550 1728
1550 1841
1550 1875
1551 1554
1551 1559
1551 1563
1551 1570
1551 1580
1551 1584
1551 1589
1551 1597
1551 1603
1551 1604
1551 1608
1551 1609
1551 1610
1551 1612
1551 1617
1551 1621
1551 1623
1551 1637
1551 1639
1551 1643
1551 1662
1551 1663
1551 1669
1551 1675
1551 1683
1551 1685
1551 1689
1551 1700
1551 1707
1551 1712
1551 1714
1551 1717
1551 1721
1551 1723
1551 1730
1551 1734
1551 1736
1551 1746
1551 1750
1551 1753
1551 1754
1551 1757
1551 1761
1551 1768
1551 1791
1551 1793
1551 1800
1551 1804
1551 1809
1551 1811
1551 1813
1551 1819
1551 1826
1551 1827
1551 1833
1551 1835
1551 1839
1551 1842
1551 1843
1551 1845
1551 1849
1551 1861
1551 1864
1551 1867
1551 1868
1551 1877
1551 1879
1551 1888
1551 1891
1551 1898
1551 1902
1552 1642
1552 1674
1552 1858
1553 1555
1553 1570
1553 1579
1553 1615
1553 1620
1553 1688
1553 1698
1553 1768
1553 1791
1553 1806
1553 1825
1553 1847
1553 1861
1553 1908
1554 1557
1554 1559
1554 1563
1554 1570
1554 1584
1554 1589
1554 1597
1554 1600
1554 1603
1554 1605
1554 1608
1554 1609
1554 1610
1554 1612
1554 1613
1554 1617
1554 1618
1554 1621
1554 1622
1554 1623
1554 1662
1554 1663
1554 1669
1554 1675
1554 1683
1554 1689
1554 1707
1554 1714
1554 1717
1554 1721
1554 1723
1554 1730
1554 1734
1554 1736
1554 1737
1554 1741
1554 1746
1554 1750
1554 1752
1554 1753
1554 1754
1554 1757
1554 1768
1554 1791
1554 1793
1554 1795
1554 1799
1554 1800
1554 1811
1554 1813
1554 1819
1554 1826
1554 1827
1554 1833
1554 1835
1554 1839
1554 1845
1554 1849
1554 1861
1554 1864
1554 1867
1554 1877
1554 1879
1554 1888
1554 1891
1555 1561
1555 1567
1555 1579
1555 1588
1555 1593
1555 1615
1555 1656
1555 1676
1555 1678
1555 1687
1555 1705
1555 1719
1555 1726
1555 1803
1555 1806
1555 1825
1555 1847
1555 1866
1556 1610
1556 1668
1556 1757
1556 1789
1556 1810
1556 1886
1556 1888
1557 1559
1557 1584
1557 1589
1557 1597
1557 1598
1557 1600
1557 1603
1557 1609
1557 1612
1557 1613
1557 1614
1557 1617
1557 1620
1557 1621
1557 1622
1557 1623
1557 1632
1557 1643
1557 1644
1557 1653
1557 1659
1557 1662
1557 1663
1557 1669
1557 1683
1557 1685
1557 1688
1557 1689
1557 1707
1557 1710
1557 1717
1557 1721
1557 1724
1557 1730
1557 1734
1557 1735
1557 1736
1557 1737
1557 1746
1557 1750
1557 1752
1557 1754
1557 1757
1557 1761
1557 1768
1557 1772
1557 1789
1557 1791
1557 1793
1557 1795
1557 1796
1557 1799
1557 1800
1557 1819
1557 1823
1557 1827
1557 1833
1557 1835
1557 1845
1557 1861
1557 1864
1557 1867
1557 1877
1557 1879
1557 1886
1557 1888
1558 1860
1559 1561
1559 1563
1559 1570
1559 1580
1559 1584
1559 1589
1559 1594
1559 1597
1559 1598
1559 1603
1559 1604
1559 1608
1559 1609
1559 1610
1559 1612
1559 1613
1559 1621
1559 1622
1559 1637
1559 1639
1559 1643
1559 1662
1559 1663
1559 1665
1559 1668
1559 1669
1559 1675
1559 1683
1559 1689
1559 1712
1559 1714
1559 1717
1559 1723
1559 1730
1559 1735
1559 1736
1559 1741
1559 1746
1559 1750
1559 1752
1559 1753
1559 1757
1559 1761
1559 1768
1559 1772
1559 1782
1559 1789
1559 1791
1559 1793
1559 1799
1559 1800
1559 1804
1559 1809
1559 1810
1559 1811
1559 1813
1559 1816
1559 1823
1559 1826
1559 1827
1559 1833
1559 1835
1559 1839
1559 1842
1559 1843
1559 1849
1559 1861
1559 1864
1559 1868
1559 1879
1559 1888
1559 1891
1559 1898
1559 1902
1561 1621
1561 1626
1561 1656
1561 1678
1561 1702
1561 1852
1561 1863
1561 1911
1562 1886
1562 1889
1562 1896
1563 1570
1563 1584
1563 1589
1563 1590
1563 1603
1563 1610
1563 1612
1563 1613
1563 1621
1563 1622
1563 1637
1563 1643
1563 1662
1563 1663
1563 1665
1563 1669
1563 1675
1563 1683
1563 1689
1563 1707
1563 1717
1563 1730
1563 1735
1563 1736
1563 1752
1563 1753
1563 1768
1563 1769
1563 1774
1563 1782
1563 1793
1563 1795
1563 1799
1563 1800
1563 1804
1563 1810
1563 1813
1563 1827
1563 1833
1563 1835
1563 1836
1563 1839
1563 1845
1563 1852
1563 1861
1563 1891
1564 1585
1564 1666
1564 1675
1564 1779
1564 1822
1564 1860
1564 1905
1565 1602
1565 1606
1565 1625
1565 1645
1565 1660
1565 1671
1565 1679
1565 1692
1565 1695
1565 1740
1565 1744
1565 1763
1565 1766
1565 1767
1565 1773
1565 1801
1565 1844
1565 1870
1565 1881
1565 1882
1566 1599
1566 1671
1566 1680
1566 1731
1566 1743
1566 1761
1566 1814
1566 1831
1566 1910
1567 1588
1567 1593
1567 1615
1567 1687
1567 1698
1567 1705
1567 1719
1567 1803
1567 1806
1567 1825
1567 1847
1567 1866
1568 1601
1568 1648
1568 1733
1568 1747
1568 1787
1568 1798
1568 1837
1568 1880
1568 1895
1569 1591
1569 1611
1569 1630
1569 1635
1569 1646
1569 1650
1569 1658
1569 1699
1569 1703
1569 1709
1569 1738
1569 1745
1569 1781
1569 1783
1569 1807
1569 1818
1569 1862
1569 1872
1569 1903
1570 1580
1570 1584
1570 1590
1570 1598
1570 1600
1570 1603
1570 1604
1570 1608
1570 1609
1570 1612
1570 1613
1570 1620
1570 1621
1570 1623
1570 1637
1570 1639
1570 1643
1570 1652
1570 1663
1570 1669
1570 1675
1570 1685
1570 1714
1570 1717
1570 1730
1570 1734
1570 1753
1570 1761
1570 1765
1570 1768
1570 1772
1570 1795
1570 1804
1570 1811
1570 1813
1570 1823
1570 1833
1570 1835
1570 1839
1570 1842
1570 1861
1570 1888
1570 1891
1570 1902
1571 1580
1571 1589
1571 1598
1571 1600
1571 1604
1571 1619
1571 1620
1571 1622
1571 1662
1571 1663
1571 1669
1571 1674
1571 1707
1571 1722
1571 1730
1571 1741
1571 1754
1571 1768
1571 1772
1571 1793
1571 1796
1571 1823
1571 1833
1571 1839
1571 1849
1571 1864
1571 1879
1571 1902
1571 1911
1572 1597
1572 1644
1572 1653
1572 1659
1572 1688
1572 1724
1572 1730
1572 1737
1572 1746
1572 1752
1572 1757
1572 1789
1572 1799
1572 1800
1572 1810
1572 1827
1572 1877
1573 1576
1573 1578
1573 1583
1573 1587
1573 1591
1573 1592
1573 1595
1573 1596
1573 1611
1573 1628
1573 1636
1573 1655
1573 1661
1573 1682
1573 1691
1573 1715
1573 1716
1573 1786
1573 1857
1573 1862
1573 1871
1573 1873
1573 1884
1573 1893
1573 1899
1574 1616
1574 1625
1574 1645
1574 1677
1574 1679
1574 1692
1574 1695
1574 1740
1574 1744
1574 1763
1574 1766
1574 1773
1574 1778
1574 1870
1574 1882
1575 1727
1575 1761
1575 1794
1575 1807
1575 1818
1575 1829
1575 1885
1575 1894
1576 1578
1576 1583
1576 1587
1576 1592
1576 1596
1576 1611
1576 1628
1576 1636
1576 1647
1576 1655
1576 1680
1576 1682
1576 1691
1576 1715
1576 1716
1576 1720
1576 1728
1576 1841
1576 1862
1576 1872
1576 1884
1576 1899
1577 1618
1577 1666
1577 1718
1577 1912
1577 1913
1577 1916
1577 1920
1577 1932
1577 1940
1577 1941
1577 1945
1577 1947
1577 1948
1577 1954
1577 1959
1577 1994
1577 2002
1577 2007
1577 2010
1577 2026
1577 2028
1577 2032
1577 2038
1577 2039
1577 2042
1577 2047
1577 2052
1577 2053
1577 2054
1577 2062
1577 2068
1577 2071
1577 2072
1577 2081
1577 2087
1577 2101
1577 2102
1577 2111
1577 2117
1577 2125
1577 2127
1577 2128
1577 2132
1577 2133
1577 2134
1577 2135
1577 2137
1577 2138
1577 2143
1577 2144
1577 2148
1577 2149
1577 2151
1577 2153
1577 2163
1577 2169
1577 2174
1577 2176
1577 2180
1577 2183
1577 2187
1577 2189
1577 2191
1577 2194
1577 2196
1577 2198
1577 2199
1577 2203
1577 2215
1577 2223
1577 2224
1577 2239
1577 2241
1577 2246
1577 2247
1577 2250
1577 2264
1577 2267
1577 2268
1577 2273
1577 2279
1577 2282
1577 2283
1577 2285
1577 2289
1577 2292
1577 2293
1577 2294
1577 2295
1577 2298
1577 2302
1577 2315
1577 2319
1577 2327
1577 2328
1577 2332
1577 2333
1577 2336
1577 2338
1577 2343
1577 2344
1577 2347
1577 2351
1577 2355
1577 2368
1577 2372
1577 2377
1577 2384
1577 2385
1577 2389
1577 2394
1577 2398
1577 2413
1577 2417
1577 2419
1577 2420
1577 2436
1577 2445
1577 2451
1577 2458
1577 2461
1577 2463
1577 2465
1577 2468
1577 2471
1577 2472
1577 2475
1577 2491
1577 2498
1577 2502
1577 2508
1577 2509
1577 2510
1577 2511
1577 2512
1577 2516
1577 2519
1577 2529
1577 2533
1577 2543
1577 2544
1577 2547
1577 2555
1577 2567
1577 2582
1577 2588
1577 2589
1577 2592
1577 2594
1577 2597
1577 2598
1577 2605
1577 2608
1577 2609
1577 2616
1577 2617
1577 2629
1577 2642
1577 2643
1577 2649
1577 2653
1578 1596
1578 1628
1578 1635
1578 1638
1578 1655
1578 1691
1578 1716
1578 1857
1578 1862
1578 1871
1580 1589
1580 1598
1580 1604
1580 1605
1580 1608
1580 1610
1580 1613
1580 1614
1580 1621
1580 1637
1580 1662
1580 1663
1580 1665
1580 1707
1580 1736
1580 1741
1580 1746
1580 1768
1580 1772
1580 1791
1580 1793
1580 1800
1580 1804
1580 1805
1580 1816
1580 1833
1580 1839
1580 1842
1580 1849
1580 1861
1580 1868
1580 1879
1580 1888
1580 1898
1580 1902
1582 1661
1582 1728
1582 1729
1582 1732
1582 1742
1582 1751
1582 1783
1582 1786
1582 1812
1582 1820
1582 1828
1582 1848
1582 1871
1582 1893
1582 1894
1583 1587
1583 1591
1583 1592
1583 1595
1583 1596
1583 1611
1583 1628
1583 1635
1583 1636
1583 1638
1583 1647
1583 1655
1583 1680
1583 1682
1583 1691
1583 1715
1583 1716
1583 1720
1583 1728
1583 1764
1583 1783
1583 1786
1583 1812
1583 1841
1583 1857
1583 1859
1583 1862
1583 1871
1583 1872
1583 1873
1583 1884
1583 1899
1583 1903
1584 1589
1584 1590
1584 1595
1584 1597
1584 1598
1584 1600
1584 1603
1584 1604
1584 1608
1584 1612
1584 1613
1584 1614
1584 1617
1584 1619
1584 1621
1584 1622
1584 1639
1584 1643
1584 1653
1584 1658
1584 1662
1584 1663
1584 1665
1584 1668
1584 1669
1584 1675
1584 1683
1584 1703
1584 1707
1584 1712
1584 1714
1584 1717
1584 1721
1584 1730
1584 1735
1584 1736
1584 1741
1584 1746
1584 1750
1584 1752
1584 1753
1584 1757
1584 1761
1584 1765
1584 1768
1584 1789
1584 1791
1584 1793
1584 1799
1584 1800
1584 1804
1584 1807
1584 1809
1584 1810
1584 1813
1584 1816
1584 1818
1584 1819
1584 1823
1584 1826
1584 1827
1584 1833
1584 1835
1584 1839
1584 1843
1584 1845
1584 1849
1584 1864
1584 1867
1584 1868
1584 1877
1584 1879
1584 1886
1584 1888
1584 1894
1584 1902
1585 1590
1585 1666
1585 1779
1585 1822
1585 1860
1585 1905
1587 1591
1587 1596
1587 1611
1587 1628
1587 1636
1587 1647
1587 1655
1587 1680
1587 1720
1587 1728
1587 1742
1587 1786
1587 1820
1587 1857
1587 1893
1587 1899
1588 1593
1588 1676
1588 1678
1588 1687
1588 1705
1588 1719
1588 1803
1588 1806
1588 1847
1588 1866
1589 1590
1589 1597
1589 1598
1589 1603
1589 1604
1589 1605
1589 1608
1589 1609
1589 1610
1589 1612
1589 1613
1589 1614
1589 1617
1589 1621
1589 1622
1589 1623
1589 1632
1589 1637
1589 1639
1589 1643
1589 1662
1589 1663
1589 1665
1589 1668
1589 1669
1589 1675
1589 1683
1589 1685
1589 1689
1589 1707
1589 1712
1589 1714
1589 1717
1589 1721
1589 1722
1589 1730
1589 1734
1589 1735
1589 1736
1589 1737
1589 1746
1589 1750
1589 1752
1589 1753
1589 1754
1589 1757
1589 1761
1589 1765
1589 1768
1589 1772
1589 1782
1589 1793
1589 1795
1589 1796
1589 1799
1589 1800
1589 1804
1589 1810
1589 1813
1589 1816
1589 1819
1589 1823
1589 1827
1589 1833
1589 1835
1589 1839
1589 1842
1589 1845
1589 1849
1589 1864
1589 1867
1589 1868
1589 1879
1589 1886
1589 1888
1589 1891
1589 1902
1590 1608
1590 1612
1590 1613
1590 1614
1590 1617
1590 1621
1590 1637
1590 1639
1590 1643
1590 1663
1590 1714
1590 1717
1590 1718
1590 1735
1590 1736
1590 1765
1590 1768
1590 1782
1590 1793
1590 1800
1590 1804
1590 1819
1590 1835
1590 1846
1590 1851
1590 1863
1590 1879
1590 1883
1590 1886
1590 1888
1590 1902
1591 1595
1591 1596
1591 1611
1591 1628
1591 1636
1591 1649
1591 1655
1591 1661
1591 1680
1591 1691
1591 1706
1591 1715
1591 1716
1591 1720
1591 1727
1591 1764
1591 1781
1591 1783
1591 1786
1591 1807
1591 1828
1591 1841
1591 1857
1591 1862
1591 1871
1591 1872
1591 1873
1591 1884
1591 1887
1591 1893
1591 1899
1592 1628
1592 1647
1592 1841
1592 1872
1593 1687
1593 1705
1593 1708
1593 1758
1593 1784
1593 1787
1593 1803
1593 1806
1593 1825
1593 1866
1594 1741
1594 1851
1594 1858
1594 1909
1594 1911
1595 1661
1595 1729
1595 1742
1595 1783
1595 1786
1595 1820
1595 1875
1595 1893
1595 1894
1596 1611
1596 1628
1596 1636
1596 1680
1596 1682
1596 1691
1596 1716
1596 1783
1596 1786
1596 1841
1596 1857
1596 1859
1596 1862
1596 1872
1596 1873
1596 1884
1596 1899
1596 1903
1597 1600
1597 1603
1597 1610
1597 1612
1597 1617
1597 1621
1597 1622
1597 1623
1597 1632
1597 1643
1597 1644
1597 1652
1597 1653
1597 1659
1597 1663
1597 1665
1597 1683
1597 1688
1597 1689
1597 1707
1597 1714
1597 1721
1597 1735
1597 1736
1597 1737
1597 1746
1597 1750
1597 1752
1597 1761
1597 1791
1597 1795
1597 1799
1597 1800
1597 1804
1597 1816
1597 1819
1597 1823
1597 1827
1597 1833
1597 1842
1597 1867
1597 1877
1597 1879
1597 1886
1597 1888
1598 1600
1598 1603
1598 1604
1598 1610
1598 1613
1598 1619
1598 1622
1598 1639
1598 1652
1598 1659
1598 1662
1598 1663
1598 1665
1598 1668
1598 1707
1598 1712
1598 1714
1598 1717
1598 1736
1598 1741
1598 1746
1598 1757
1598 1772
1598 1789
1598 1793
1598 1794
1598 1795
1598 1797
1598 1800
1598 1804
1598 1809
1598 1816
1598 1823
1598 1826
1598 1832
1598 1833
1598 1839
1598 1842
1598 1843
1598 1849
1598 1867
1598 1868
1598 1877
1598 1879
1598 1886
1598 1888
1598 1898
1598 1902
1599 1696
1599 1731
1599 1744
1599 1761
1599 1814
1599 1901
1600 1603
1600 1609
1600 1610
1600 1612
1600 1620
1600 1621
1600 1622
1600 1623
1600 1632
1600 1652
1600 1653
1600 1659
1600 1663
1600 1669
1600 1683
1600 1685
1600 1688
1600 1689
1600 1714
1600 1717
1600 1721
1600 1724
1600 1730
1600 1736
1600 1737
1600 1746
1600 1750
1600 1752
1600 1761
1600 1768
1600 1789
1600 1791
1600 1795
1600 1800
1600 1804
1600 1811
1600 1813
1600 1816
1600 1819
1600 1827
1600 1835
1600 1861
1600 1867
1600 1877
1600 1879
1600 1888
1600 1891
1601 1629
1601 1733
1601 1784
1601 1787
1601 1798
1601 1837
1601 1880
1601 1895
1602 1695
1602 1790
1602 1882
1603 1608
1603 1610
1603 1612
1603 1613
1603 1619
1603 1621
1603 1622
1603 1623
1603 1643
1603 1662
1603 1663
1603 1668
1603 1669
1603 1675
1603 1685
1603 1707
1603 1712
1603 1714
1603 1717
1603 1721
1603 1730
1603 1734
1603 1735
1603 1736
1603 1741
1603 1746
1603 1750
1603 1752
1603 1753
1603 1757
1603 1761
1603 1768
1603 1791
1603 1793
1603 1795
1603 1799
1603 1800
1603 1804
1603 1810
1603 1813
1603 1823
1603 1827
1603 1833
1603 1835
1603 1839
1603 1845
1603 1849
1603 1864
1603 1879
1603 1886
1603 1888
1604 1605
1604 1609
1604 1610
1604 1613
1604 1614
1604 1617
1604 1619
1604 1620
1604 1622
1604 1632
1604 1637
1604 1662
1604 1663
1604 1665
1604 1668
1604 1669
1604 1675
1604 1685
1604 1688
1604 1707
1604 1714
1604 1717
1604 1722
1604 1730
1604 1734
1604 1736
1604 1741
1604 1768
1604 1772
1604 1789
1604 1791
1604 1793
1604 1800
1604 1804
1604 1809
1604 1811
1604 1813
1604 1816
1604 1818
1604 1826
1604 1835
1604 1839
1604 1842
1604 1843
1604 1849
1604 1861
1604 1863
1604 1868
1604 1879
1604 1885
1604 1888
1604 1897
1604 1898
1604 1902
1605 1610
1605 1617
1605 1619
1605 1622
1605 1663
1605 1665
1605 1675
1605 1685
1605 1707
1605 1714
1605 1722
1605 1730
1605 1741
1605 1746
1605 1757
1605 1768
1605 1800
1605 1804
1605 1809
1605 1816
1605 1826
1605 1839
1605 1843
1605 1849
1605 1868
1605 1888
1605 1898
1605 1902
1606 1616
1606 1645
1606 1695
1606 1740
1606 1744
1606 1766
1606 1778
1606 1844
1606 1870
1606 1881
1606 1882
1607 1664
1607 1896
1608 1610
1608 1612
1608 1613
1608 1617
1608 1621
1608 1622
1608 1637
1608 1643
1608 1663
1608 1669
1608 1675
1608 1689
1608 1707
1608 1714
1608 1730
1608 1735
1608 1736
1608 1746
1608 1753
1608 1761
1608 1768
1608 1772
1608 1795
1608 1800
1608 1804
1608 1823
1608 1827
1608 1833
1608 1835
1608 1839
1608 1842
1608 1861
1608 1888
1608 1902
1609 1610
1609 1620
1609 1621
1609 1637
1609 1643
1609 1663
1609 1665
1609 1669
1609 1675
1609 1688
1609 1717
1609 1730
1609 1768
1609 1782
1609 1791
1609 1793
1609 1800
1609 1804
1609 1811
1609 1813
1609 1835
1609 1842
1609 1861
1609 1864
1609 1888
1609 1898
1609 1902
1610 1612
1610 1613
1610 1619
1610 1621
1610 1622
1610 1623
1610 1639
1610 1643
1610 1652
1610 1653
1610 1662
1610 1663
1610 1665
1610 1668
1610 1669
1610 1675
1610 1685
1610 1707
1610 1712
1610 1717
1610 1721
1610 1723
1610 1730
1610 1736
1610 1746
1610 1752
1610 1753
1610 1754
1610 1757
1610 1761
1610 1768
1610 1772
1610 1782
1610 1789
1610 1793
1610 1796
1610 1799
1610 1800
1610 1804
1610 1809
1610 1811
1610 1813
1610 1816
1610 1826
1610 1827
1610 1832
1610 1833
1610 1839
1610 1842
1610 1849
1610 1868
1610 1874
1610 1879
1610 1886
1610 1888
1610 1891
1610 1898
1610 1902
1611 1628
1611 1636
1611 1647
1611 1655
1611 1682
1611 1691
1611 1716
1611 1720
1611 1841
1611 1857
1611 1862
1611 1872
1611 1873
1611 1887
1611 1899
1611 1903
1612 1613
1612 1614
1612 1617
1612 1619
1612 1621
1612 1622
1612 1623
1612 1632
1612 1637
1612 1639
1612 1643
1612 1652
1612 1653
1612 1662
1612 1663
1612 1668
1612 1669
1612 1675
1612 1683
1612 1685
1612 1689
1612 1707
1612 1714
1612 1717
1612 1721
1612 1730
1612 1735
1612 1736
1612 1737
1612 1741
1612 1746
1612 1750
1612 1752
1612 1753
1612 1757
1612 1761
1612 1765
1612 1768
1612 1769
1612 1774
1612 1782
1612 1789
1612 1791
1612 1795
1612 1796
1612 1799
1612 1800
1612 1804
1612 1810
1612 1816
1612 1819
1612 1823
1612 1826
1612 1827
1612 1833
1612 1835
1612 1836
1612 1839
1612 1849
1612 1851
1612 1867
1612 1877
1612 1879
1612 1886
1612 1888
1612 1891
1613 1614
1613 1617
1613 1620
1613 1621
1613 1622
1613 1623
1613 1632
1613 1637
1613 1639
1613 1643
1613 1644
1613 1652
1613 1653
1613 1662
1613 1663
1613 1665
1613 1668
1613 1669
1613 1675
1613 1683
1613 1685
1613 1689
1613 1707
1613 1712
1613 1714
1613 1717
1613 1721
1613 1730
1613 1734
1613 1735
1613 1736
1613 1737
1613 1746
1613 1752
1613 1753
1613 1757
1613 1761
1613 1765
1613 1768
1613 1772
1613 1789
1613 1791
1613 1793
1613 1795
1613 1796
1613 1799
1613 1800
1613 1804
1613 1809
1613 1811
1613 1813
1613 1816
1613 1821
1613 1823
1613 1827
1613 1833
1613 1835
1613 1842
1613 1849
1613 1861
1613 1867
1613 1868
1613 1879
1613 1888
1613 1891
1613 1902
1614 1621
1614 1665
1614 1669
1614 1675
1614 1689
1614 1730
1614 1735
1614 1752
1614 1761
1614 1765
1614 1768
1614 1772
1614 1782
1614 1796
1614 1799
1614 1800
1614 1819
1614 1833
1614 1846
1614 1851
1614 1864
1614 1867
1614 1886
1614 1888
1615 1687
1615 1698
1615 1708
1615 1806
1615 1866
1616 1631
1616 1645
1616 1671
1616 1673
1616 1677
1616 1692
1616 1694
1616 1740
1616 1744
1616 1767
1616 1790
1616 1844
1616 1881
1616 1882
1617 1621
1617 1632
1617 1637
1617 1643
1617 1662
1617 1663
1617 1668
1617 1669
1617 1689
1617 1700
1617 1707
1617 1714
1617 1717
1617 1718
1617 1730
1617 1735
1617 1741
1617 1746
1617 1750
1617 1754
1617 1789
1617 1791
1617 1793
1617 1799
1617 1800
1617 1804
1617 1813
1617 1816
1617 1826
1617 1827
1617 1833
1617 1835
1617 1845
1617 1849
1617 1851
1617 1864
1617 1877
1617 1886
1617 1888
1618 1622
1618 1717
1618 1718
1618 1819
1618 1827
1618 1836
1618 1877
1619 1632
1619 1662
1619 1663
1619 1665
1619 1668
1619 1683
1619 1707
1619 1712
1619 1714
1619 1722
1619 1736
1619 1741
1619 1746
1619 1757
1619 1772
1619 1793
1619 1795
1619 1796
1619 1800
1619 1804
1619 1809
1619 1816
1619 1823
1619 1826
1619 1832
1619 1833
1619 1839
1619 1849
1619 1861
1619 1868
1619 1879
1619 1886
1619 1888
1619 1898
1620 1621
1620 1622
1620 1632
1620 1643
1620 1644
1620 1646
1620 1653
1620 1659
1620 1663
1620 1665
1620 1675
1620 1683
1620 1688
1620 1689
1620 1707
1620 1724
1620 1730
1620 1746
1620 1754
1620 1768
1620 1789
1620 1791
1620 1800
1620 1804
1620 1813
1620 1816
1620 1823
1620 1827
1620 1833
1620 1835
1620 1845
1620 1861
1620 1864
1620 1867
1620 1877
1620 1881
1620 1885
1620 1888
1620 1900
1621 1622
1621 1623
1621 1637
1621 1643
1621 1652
1621 1659
1621 1662
1621 1663
1621 1668
1621 1669
1621 1675
1621 1683
1621 1685
1621 1689
1621 1707
1621 1714
1621 1717
1621 1718
1621 1721
1621 1730
1621 1734
1621 1735
1621 1736
1621 1741
1621 1746
1621 1750
1621 1752
1621 1753
1621 1757
1621 1761
1621 1765
1621 1768
1621 1782
1621 1789
1621 1791
1621 1793
1621 1799
1621 1800
1621 1804
1621 1809
1621 1810
1621 1813
1621 1819
1621 1823
1621 1826
1621 1827
1621 1833
1621 1835
1621 1839
1621 1842
1621 1849
1621 1867
1621 1868
1621 1879
1621 1886
1621 1888
1621 1891
1621 1902
1622 1632
1622 1639
1622 1643
1622 1644
1622 1652
1622 1653
1622 1659
1622 1662
1622 1663
1622 1669
1622 1675
1622 1683
1622 1685
1622 1688
1622 1689
1622 1707
1622 1712
1622 1714
1622 1717
1622 1722
1622 1724
1622 1730
1622 1736
1622 1741
1622 1746
1622 1750
1622 1752
1622 1753
1622 1761
1622 1765
1622 1768
1622 1789
1622 1791
1622 1793
1622 1795
1622 1796
1622 1799
1622 1800
1622 1804
1622 1813
1622 1819
1622 1823
1622 1827
1622 1833
1622 1835
1622 1839
1622 1842
1622 1843
1622 1845
1622 1849
1622 1851
1622 1861
1622 1867
1622 1877
1622 1879
1622 1886
1622 1888
1622 1891
1622 1902
1623 1632
1623 1643
1623 1644
1623 1652
1623 1659
1623 1662
1623 1683
1623 1689
1623 1707
1623 1714
1623 1717
1623 1721
1623 1736
1623 1737
1623 1746
1623 1750
1623 1752
1623 1768
1623 1795
1623 1799
1623 1800
1623 1804
1623 1810
1623 1816
1623 1819
1623 1826
1623 1827
1623 1833
1623 1864
1623 1867
1623 1879
1623 1888
1623 1909
1624 1667
1624 1672
1624 1709
1624 1756
1624 1770
1624 1783
1624 1904
1625 1660
1625 1695
1625 1763
1625 1766
1625 1773
1625 1801
1625 1844
1625 1878
1626 1674
1626 1683
1626 1702
1626 1718
1626 1774
1626 1780
1626 1800
1626 1805
1626 1813
1626 1817
1626 1851
1626 1858
1626 1863
1626 1865
1626 1883
1626 1909
1626 1911
1627 1890
1628 1635
1628 1636
1628 1647
1628 1661
1628 1691
1628 1715
1628 1716
1628 1720
1628 1857
1628 1859
1628 1872
1628 1873
1628 1875
1628 1887
1628 1899
1628 1903
1629 1733
1629 1784
1629 1802
1629 1837
1629 1895
1630 1658
1630 1686
1630 1703
1630 1709
1630 1727
1630 1738
1630 1770
1630 1781
1630 1807
1630 1876
1631 1673
1632 1644
1632 1653
1632 1663
1632 1665
1632 1683
1632 1689
1632 1700
1632 1707
1632 1717
1632 1730
1632 1736
1632 1746
1632 1752
1632 1768
1632 1789
1632 1796
1632 1799
1632 1800
1632 1818
1632 1823
1632 1827
1632 1833
1632 1835
1632 1867
1632 1877
1632 1888
1633 1634
1633 1686
1633 1699
1633 1876
1634 1686
1634 1699
1634 1703
1634 1725
1634 1807
1634 1876
1634 1906
1635 1636
1635 1691
1635 1857
1635 1859
1635 1862
1635 1899
1635 1903
1636 1680
1636 1706
1636 1715
1636 1716
1636 1742
1636 1786
1636 1820
1636 1857
1636 1859
1636 1873
1636 1884
1636 1893
1636 1899
1636 1903
1637 1639
1637 1643
1637 1663
1637 1669
1637 1675
1637 1714
1637 1730
1637 1746
1637 1761
1637 1765
1637 1768
1637 1774
1637 1779
1637 1791
1637 1795
1637 1804
1637 1811
1637 1835
1637 1842
1637 1845
1637 1851
1637 1861
1637 1888
1638 1661
1638 1716
1638 1742
1638 1783
1638 1786
1638 1820
1638 1824
1638 1871
1638 1893
1639 1643
1639 1644
1639 1662
1639 1663
1639 1670
1639 1683
1639 1714
1639 1717
1639 1723
1639 1730
1639 1746
1639 1761
1639 1765
1639 1768
1639 1774
1639 1779
1639 1782
1639 1791
1639 1813
1639 1819
1639 1835
1639 1839
1639 1846
1639 1851
1639 1888
1639 1891
1639 1902
1640 1703
1640 1840
1641 1803
1641 1817
1641 1866
1642 1670
1642 1674
1642 1684
1642 1908
1642 2677
1642 2693
1642 2725
1642 2764
1642 2822
1642 2903
1642 2938
1642 2941
1642 2999
1642 3201
1642 3263
1642 3319
1642 3355
1642 3361
1643 1652
1643 1653
1643 1663
1643 1669
1643 1675
1643 1707
1643 1714
1643 1721
1643 1723
1643 1730
1643 1735
1643 1746
1643 1753
1643 1757
1643 1761
1643 1765
1643 1768
1643 1774
1643 1789
1643 1791
1643 1796
1643 1799
1643 1804
1643 1813
1643 1823
1643 1833
1643 1835
1643 1867
1643 1888
1644 1652
1644 1659
1644 1683
1644 1689
1644 1700
1644 1717
1644 1721
1644 1724
1644 1730
1644 1746
1644 1750
1644 1752
1644 1765
1644 1793
1644 1795
1644 1800
1644 1819
1644 1823
1644 1827
1644 1867
1645 1677
1645 1679
1645 1692
1645 1694
1645 1740
1645 1743
1645 1744
1645 1763
1645 1766
1645 1767
1645 1778
1645 1790
1645 1801
1645 1844
1645 1878
1645 1881
1645 1882
1646 1675
1646 1781
1646 1813
1646 1867
1646 1881
1646 1885
1647 1655
1647 1661
1647 1682
1647 1715
1647 1716
1647 1720
1647 1728
1647 1764
1647 1841
1647 1862
1647 1872
1647 1899
1648 1733
1648 1787
1648 1798
1648 1837
1648 1895
1649 1706
1649 1729
1649 1732
1649 1742
1649 1783
1649 1786
1649 1790
1649 1794
1649 1850
1649 1871
1650 1727
1650 1770
1650 1828
1650 1830
1650 1904
1651 1730
1651 1768
1652 1653
1652 1662
1652 1665
1652 1668
1652 1683
1652 1689
1652 1712
1652 1717
1652 1724
1652 1737
1652 1746
1652 1789
1652 1795
1652 1800
1652 1804
1652 1809
1652 1810
1652 1819
1652 1827
1652 1867
1652 1877
1652 1879
1652 1888
1653 1683
1653 1714
1653 1717
1653 1721
1653 1735
1653 1746
1653 1757
1653 1789
1653 1796
1653 1799
1653 1800
1653 1804
1653 1810
1653 1816
1653 1826
1653 1827
1653 1833
1653 1835
1653 1867
1653 1877
1653 1888
1654 1762
1654 1767
1655 1680
1655 1682
1655 1715
1655 1716
1655 1720
1655 1728
1655 1764
1655 1841
1655 1859
1655 1862
1655 1872
1656 1666
1656 1684
1656 1687
1656 1702
1656 1726
1656 1806
1656 1852
1656 2764
1656 2826
1656 2883
1656 2964
1656 3057
1656 3097
1656 3164
1656 3165
1656 3263
1656 3278
1657 1776
1657 1808
1658 1794
1658 1807
1658 1818
1658 1823
1658 1881
1658 1897
1659 1683
1659 1688
1659 1689
1659 1717
1659 1721
1659 1724
1659 1730
1659 1737
1659 1746
1659 1750
1659 1752
1659 1753
1659 1800
1659 1813
1659 1819
1659 1827
1659 1835
1659 1861
1659 1867
1659 1877
1659 1888
1659 1891
1660 1695
1660 1766
1660 1773
1660 1801
1661 1680
1661 1706
1661 1716
1661 1729
1661 1732
1661 1742
1661 1751
1661 1783
1661 1786
1661 1812
1661 1820
1661 1824
1661 1828
1661 1848
1661 1859
1661 1871
1661 1893
1661 1894
1661 1907
1662 1665
1662 1668
1662 1669
1662 1683
1662 1689
1662 1707
1662 1712
1662 1714
1662 1730
1662 1735
1662 1736
1662 1746
1662 1750
1662 1757
1662 1768
1662 1772
1662 1774
1662 1789
1662 1796
1662 1799
1662 1800
1662 1804
1662 1809
1662 1810
1662 1816
1662 1823
1662 1827
1662 1833
1662 1835
1662 1839
1662 1842
1662 1845
1662 1864
1662 1879
1662 1888
1662 1891
1663 1665
1663 1668
1663 1669
1663 1675
1663 1683
1663 1688
1663 1689
1663 1697
1663 1707
1663 1712
1663 1714
1663 1717
1663 1718
1663 1721
1663 1723
1663 1724
1663 1730
1663 1734
1663 1735
1663 1736
1663 1741
1663 1746
1663 1750
1663 1752
1663 1753
1663 1757
1663 1761
1663 1768
1663 1772
1663 1782
1663 1789
1663 1791
1663 1793
1663 1795
1663 1796
1663 1799
1663 1800
1663 1804
1663 1809
1663 1811
1663 1813
1663 1816
