1663 1819
1663 1823
1663 1826
1663 1827
1663 1833
1663 1835
1663 1839
1663 1842
1663 1849
1663 1851
1663 1861
1663 1867
1663 1868
1663 1877
1663 1879
1663 1886
1663 1888
1663 1891
1663 1898
1663 1902
1663 1909
1664 1876
1665 1668
1665 1689
1665 1707
1665 1712
1665 1714
1665 1730
1665 1736
1665 1741
1665 1746
1665 1750
1665 1757
1665 1772
1665 1789
1665 1791
1665 1793
1665 1795
1665 1799
1665 1800
1665 1804
1665 1809
1665 1810
1665 1813
1665 1816
1665 1821
1665 1826
1665 1833
1665 1839
1665 1842
1665 1845
1665 1849
1665 1867
1665 1868
1665 1879
1665 1888
1665 1898
1665 1902
1666 1684
1666 1726
1666 1792
1666 1822
1666 2707
1666 2869
1666 2883
1666 2968
1666 3020
1666 3100
1666 3111
1666 3186
1666 3222
1666 3245
1666 3258
1666 3263
1666 3278
1666 3289
1667 1672
1667 1699
1667 1725
1667 1783
1667 1785
1667 1840
1668 1683
1668 1707
1668 1712
1668 1714
1668 1717
1668 1734
1668 1736
1668 1746
1668 1752
1668 1757
1668 1761
1668 1768
1668 1782
1668 1789
1668 1791
1668 1793
1668 1799
1668 1800
1668 1804
1668 1809
1668 1810
1668 1816
1668 1821
1668 1823
1668 1833
1668 1839
1668 1849
1668 1868
1668 1879
1668 1886
1668 1888
1668 1898
1668 1902
1669 1675
1669 1685
1669 1707
1669 1714
1669 1717
1669 1730
1669 1734
1669 1741
1669 1746
1669 1752
1669 1753
1669 1757
1669 1761
1669 1768
1669 1791
1669 1793
1669 1799
1669 1800
1669 1804
1669 1811
1669 1813
1669 1823
1669 1827
1669 1833
1669 1835
1669 1842
1669 1845
1669 1861
1669 1888
1669 1891
1669 1898
1669 1902
1670 1678
1670 1765
1670 1772
1670 1908
1671 1743
1671 1763
1671 1829
1671 1831
1671 1844
1671 1878
1671 1881
1671 1910
1672 1709
1672 1725
1672 1739
1672 1783
1672 1828
1672 1855
1672 1869
1673 1740
1673 1767
1673 1844
1673 1878
1674 1758
1674 1780
1674 1800
1674 1860
1674 1863
1674 1883
1675 1685
1675 1688
1675 1714
1675 1717
1675 1730
1675 1735
1675 1741
1675 1753
1675 1761
1675 1765
1675 1768
1675 1800
1675 1804
1675 1810
1675 1811
1675 1813
1675 1833
1675 1835
1675 1843
1675 1861
1675 1867
1675 1881
1675 1885
1675 1888
1675 1891
1675 1902
1676 1687
1676 1705
1676 1713
1676 1825
1677 1679
1677 1740
1677 1744
1677 1763
1677 1844
1677 1870
1678 1717
1678 1726
1678 1811
1678 1819
1678 1847
1678 1852
1679 1692
1679 1773
1679 1882
1680 1682
1680 1691
1680 1715
1680 1728
1680 1764
1680 1857
1680 1859
1680 1862
1680 1871
1680 1872
1680 1873
1680 1884
1680 1893
1681 1699
1681 1727
1681 1847
1682 1715
1682 1716
1682 1841
1682 1873
1682 1884
1682 1893
1682 1899
1682 1903
1683 1689
1683 1700
1683 1707
1683 1717
1683 1721
1683 1724
1683 1730
1683 1735
1683 1737
1683 1746
1683 1750
1683 1752
1683 1761
1683 1768
1683 1769
1683 1774
1683 1789
1683 1791
1683 1795
1683 1799
1683 1800
1683 1804
1683 1813
1683 1819
1683 1821
1683 1823
1683 1827
1683 1833
1683 1835
1683 1836
1683 1839
1683 1849
1683 1867
1683 1877
1683 1881
1683 1888
1683 1891
1684 1726
1684 1758
1684 2661
1684 2662
1684 2663
1684 2664
1684 2665
1684 2666
1684 2667
1684 2668
1684 2669
1684 2670
1684 2671
1684 2672
1684 2673
1684 2674
1684 2675
1684 2676
1684 2677
1684 2678
1684 2679
1684 2680
1684 2681
1684 2682
1684 2683
1684 2684
1684 2685
1684 2686
1684 2687
1684 2688
1684 2689
1684 2690
1684 2691
1684 2692
1684 2693
1684 2694
1684 2695
1684 2696
1684 2697
1684 2698
1684 2699
1684 2700
1684 2701
1684 2702
1684 2703
1684 2704
1684 2705
1684 2706
1684 2707
1684 2708
1684 2709
1684 2710
1684 2711
1684 2712
1684 2713
1684 2714
1684 2715
1684 2716
1684 2717
1684 2718
1684 2719
1684 2720
1684 2721
1684 2722
1684 2723
1684 2724
1684 2725
1684 2726
1684 2727
1684 2728
1684 2729
1684 2730
1684 2731
1684 2732
1684 2733
1684 2734
1684 2735
1684 2736
1684 2737
1684 2738
1684 2739
1684 2740
1684 2741
1684 2742
1684 2743
1684 2744
1684 2745
1684 2746
1684 2747
1684 2748
1684 2749
1684 2750
1684 2751
1684 2752
1684 2753
1684 2754
1684 2755
1684 2756
1684 2757
1684 2758
1684 2759
1684 2760
1684 2761
1684 2762
1684 2763
1684 2764
1684 2765
1684 2766
1684 2767
1684 2768
1684 2769
1684 2770
1684 2771
1684 2772
1684 2773
1684 2774
1684 2775
1684 2776
1684 2777
1684 2778
1684 2779
1684 2780
1684 2781
1684 2782
1684 2783
1684 2784
1684 2785
1684 2786
1684 2787
1684 2788
1684 2789
1684 2790
1684 2791
1684 2792
1684 2793
1684 2794
1684 2795
1684 2796
1684 2797
1684 2798
1684 2799
1684 2800
1684 2801
1684 2802
1684 2803
1684 2804
1684 2805
1684 2806
1684 2807
1684 2808
1684 2809
1684 2810
1684 2811
1684 2812
1684 2813
1684 2814
1684 2815
1684 2816
1684 2817
1684 2818
1684 2819
1684 2820
1684 2821
1684 2822
1684 2823
1684 2824
1684 2825
1684 2826
1684 2827
1684 2828
1684 2829
1684 2830
1684 2831
1684 2832
1684 2833
1684 2834
1684 2835
1684 2836
1684 2837
1684 2838
1684 2839
1684 2840
1684 2841
1684 2842
1684 2843
1684 2844
1684 2845
1684 2846
1684 2847
1684 2848
1684 2849
1684 2850
1684 2851
1684 2852
1684 2853
1684 2854
1684 2855
1684 2856
1684 2857
1684 2858
1684 2859
1684 2860
1684 2861
1684 2862
1684 2863
1684 2864
1684 2865
1684 2866
1684 2867
1684 2868
1684 2869
1684 2870
1684 2871
1684 2872
1684 2873
1684 2874
1684 2875
1684 2876
1684 2877
1684 2878
1684 2879
1684 2880
1684 2881
1684 2882
1684 2883
1684 2884
1684 2885
1684 2886
1684 2887
1684 2888
1684 2889
1684 2890
1684 2891
1684 2892
1684 2893
1684 2894
1684 2895
1684 2896
1684 2897
1684 2898
1684 2899
1684 2900
1684 2901
1684 2902
1684 2903
1684 2904
1684 2905
1684 2906
1684 2907
1684 2908
1684 2909
1684 2910
1684 2911
1684 2912
1684 2913
1684 2914
1684 2915
1684 2916
1684 2917
1684 2918
1684 2919
1684 2920
1684 2921
1684 2922
1684 2923
1684 2924
1684 2925
1684 2926
1684 2927
1684 2928
1684 2929
1684 2930
1684 2931
1684 2932
1684 2933
1684 2934
1684 2935
1684 2936
1684 2937
1684 2938
1684 2939
1684 2940
1684 2941
1684 2942
1684 2943
1684 2944
1684 2945
1684 2946
1684 2947
1684 2948
1684 2949
1684 2950
1684 2951
1684 2952
1684 2953
1684 2954
1684 2955
1684 2956
1684 2957
1684 2958
1684 2959
1684 2960
1684 2961
1684 2962
1684 2963
1684 2964
1684 2965
1684 2966
1684 2967
1684 2968
1684 2969
1684 2970
1684 2971
1684 2972
1684 2973
1684 2974
1684 2975
1684 2976
1684 2977
1684 2978
1684 2979
1684 2980
1684 2981
1684 2982
1684 2983
1684 2984
1684 2985
1684 2986
1684 2987
1684 2988
1684 2989
1684 2990
1684 2991
1684 2992
1684 2993
1684 2994
1684 2995
1684 2996
1684 2997
1684 2998
1684 2999
1684 3000
1684 3001
1684 3002
1684 3003
1684 3004
1684 3005
1684 3006
1684 3007
1684 3008
1684 3009
1684 3010
1684 3011
1684 3012
1684 3013
1684 3014
1684 3015
1684 3016
1684 3017
1684 3018
1684 3019
1684 3020
1684 3021
1684 3022
1684 3023
1684 3024
1684 3025
1684 3026
1684 3027
1684 3028
1684 3029
1684 3030
1684 3031
1684 3032
1684 3033
1684 3034
1684 3035
1684 3036
1684 3037
1684 3038
1684 3039
1684 3040
1684 3041
1684 3042
1684 3043
1684 3044
1684 3045
1684 3046
1684 3047
1684 3048
1684 3049
1684 3050
1684 3051
1684 3052
1684 3053
1684 3054
1684 3055
1684 3056
1684 3057
1684 3058
1684 3059
1684 3060
1684 3061
1684 3062
1684 3063
1684 3064
1684 3065
1684 3066
1684 3067
1684 3068
1684 3069
1684 3070
1684 3071
1684 3072
1684 3073
1684 3074
1684 3075
1684 3076
1684 3077
1684 3078
1684 3079
1684 3080
1684 3081
1684 3082
1684 3083
1684 3084
1684 3085
1684 3086
1684 3087
1684 3088
1684 3089
1684 3090
1684 3091
1684 3092
1684 3093
1684 3094
1684 3095
1684 3096
1684 3097
1684 3098
1684 3099
1684 3100
1684 3101
1684 3102
1684 3103
1684 3104
1684 3105
1684 3106
1684 3107
1684 3108
1684 3109
1684 3110
1684 3111
1684 3112
1684 3113
1684 3114
1684 3115
1684 3116
1684 3117
1684 3118
1684 3119
1684 3120
1684 3121
1684 3122
1684 3123
1684 3124
1684 3125
1684 3126
1684 3127
1684 3128
1684 3129
1684 3130
1684 3131
1684 3132
1684 3133
1684 3134
1684 3135
1684 3136
1684 3137
1684 3138
1684 3139
1684 3140
1684 3141
1684 3142
1684 3143
1684 3144
1684 3145
1684 3146
1684 3147
1684 3148
1684 3149
1684 3150
1684 3151
1684 3152
1684 3153
1684 3154
1684 3155
1684 3156
1684 3157
1684 3158
1684 3159
1684 3160
1684 3161
1684 3162
1684 3163
1684 3164
1684 3165
1684 3166
1684 3167
1684 3168
1684 3169
1684 3170
1684 3171
1684 3172
1684 3173
1684 3174
1684 3175
1684 3176
1684 3177
1684 3178
1684 3179
1684 3180
1684 3181
1684 3182
1684 3183
1684 3184
1684 3185
1684 3186
1684 3187
1684 3188
1684 3189
1684 3190
1684 3191
1684 3192
1684 3193
1684 3194
1684 3195
1684 3196
1684 3197
1684 3198
1684 3199
1684 3200
1684 3201
1684 3202
1684 3203
1684 3204
1684 3205
1684 3206
1684 3207
1684 3208
1684 3209
1684 3210
1684 3211
1684 3212
1684 3213
1684 3214
1684 3215
1684 3216
1684 3217
1684 3218
1684 3219
1684 3220
1684 3221
1684 3222
1684 3223
1684 3224
1684 3225
1684 3226
1684 3227
1684 3228
1684 3229
1684 3230
1684 3231
1684 3232
1684 3233
1684 3234
1684 3235
1684 3236
1684 3237
1684 3238
1684 3239
1684 3240
1684 3241
1684 3242
1684 3243
1684 3244
1684 3245
1684 3246
1684 3247
1684 3248
1684 3249
1684 3250
1684 3251
1684 3252
1684 3253
1684 3254
1684 3255
1684 3256
1684 3257
1684 3258
1684 3259
1684 3260
1684 3261
1684 3262
1684 3263
1684 3264
1684 3265
1684 3266
1684 3267
1684 3268
1684 3269
1684 3270
1684 3271
1684 3272
1684 3273
1684 3274
1684 3275
1684 3276
1684 3277
1684 3278
1684 3279
1684 3280
1684 3281
1684 3282
1684 3283
1684 3284
1684 3285
1684 3286
1684 3287
1684 3288
1684 3289
1684 3290
1684 3291
1684 3292
1684 3293
1684 3294
1684 3295
1684 3296
1684 3297
1684 3298
1684 3299
1684 3300
1684 3301
1684 3302
1684 3303
1684 3304
1684 3305
1684 3306
1684 3307
1684 3308
1684 3309
1684 3310
1684 3311
1684 3312
1684 3313
1684 3314
1684 3315
1684 3316
1684 3317
1684 3318
1684 3319
1684 3320
1684 3321
1684 3322
1684 3323
1684 3324
1684 3325
1684 3326
1684 3327
1684 3328
1684 3329
1684 3330
1684 3331
1684 3332
1684 3333
1684 3334
1684 3335
1684 3336
1684 3337
1684 3338
1684 3339
1684 3340
1684 3341
1684 3342
1684 3343
1684 3344
1684 3345
1684 3346
1684 3347
1684 3348
1684 3349
1684 3350
1684 3351
1684 3352
1684 3353
1684 3354
1684 3355
1684 3356
1684 3357
1684 3358
1684 3359
1684 3360
1684 3361
1684 3362
1684 3363
1684 3364
1684 3365
1684 3366
1684 3367
1684 3368
1684 3369
1684 3370
1684 3371
1684 3372
1684 3373
1684 3374
1684 3375
1684 3376
1684 3377
1684 3378
1684 3379
1684 3380
1684 3381
1684 3382
1684 3383
1684 3384
1684 3385
1684 3386
1684 3387
1684 3388
1684 3389
1684 3390
1684 3391
1684 3392
1684 3393
1684 3394
1684 3395
1684 3396
1684 3397
1684 3398
1684 3399
1684 3400
1684 3401
1684 3402
1684 3403
1684 3404
1684 3405
1684 3406
1684 3407
1684 3408
1684 3409
1684 3410
1684 3411
1684 3412
1684 3413
1684 3414
1684 3415
1684 3416
1684 3417
1684 3418
1684 3419
1684 3420
1684 3421
1684 3422
1684 3423
1684 3424
1684 3425
1684 3426
1684 3427
1684 3428
1684 3429
1684 3430
1684 3431
1684 3432
1684 3433
1684 3434
1684 3435
1684 3436
1685 1707
1685 1722
1685 1730
1685 1734
1685 1736
1685 1741
1685 1746
1685 1753
1685 1768
1685 1771
1685 1775
1685 1799
1685 1800
1685 1804
1685 1809
1685 1813
1685 1833
1685 1835
1685 1839
1685 1845
1685 1861
1685 1879
1685 1888
1685 1902
1686 1699
1686 1703
1686 1704
1686 1720
1686 1794
1686 1876
1687 1698
1687 1705
1687 1708
1687 1719
1687 1803
1687 1806
1687 1825
1687 1866
1688 1689
1688 1710
1688 1721
1688 1724
1688 1730
1688 1737
1688 1745
1688 1746
1688 1750
1688 1752
1688 1754
1688 1768
1688 1771
1688 1791
1688 1795
1688 1800
1688 1804
1688 1811
1688 1813
1688 1816
1688 1827
1688 1845
1688 1861
1688 1864
1688 1867
1688 1877
1688 1881
1688 1885
1689 1707
1689 1714
1689 1717
1689 1721
1689 1724
1689 1730
1689 1735
1689 1736
1689 1737
1689 1746
1689 1750
1689 1752
1689 1753
1689 1789
1689 1793
1689 1795
1689 1796
1689 1799
1689 1800
1689 1809
1689 1813
1689 1816
1689 1819
1689 1826
1689 1827
1689 1833
1689 1835
1689 1842
1689 1849
1689 1864
1689 1867
1689 1877
1689 1879
1689 1888
1689 1891
1689 1902
1691 1715
1691 1716
1691 1857
1691 1862
1691 1873
1691 1875
1691 1884
1691 1899
1692 1724
1692 1763
1692 1767
1692 1808
1692 1881
1693 1760
1694 1740
1694 1743
1694 1790
1694 1831
1694 1910
1695 1763
1695 1766
1695 1773
1695 1801
1695 1844
1695 1870
1695 1881
1695 1882
1696 1731
1696 1761
1696 1814
1696 1844
1697 1702
1697 1718
1697 1806
1697 1909
1698 1806
1698 1825
1698 1847
1699 1703
1699 1770
1699 1794
1699 1807
1699 1876
1700 1707
1700 1827
1701 1838
1702 1718
1702 1722
1702 1780
1702 1805
1702 1806
1702 1813
1702 1817
1702 1845
1702 1858
1702 1863
1702 1865
1702 1909
1702 1911
1703 1709
1703 1725
1703 1748
1703 1807
1703 1840
1703 1876
1704 1706
1704 1729
1704 1742
1704 1786
1704 1794
1704 1820
1704 1850
1704 1871
1704 1894
1705 1719
1705 1803
1705 1825
1705 1866
1706 1729
1706 1742
1706 1783
1706 1786
1706 1794
1706 1850
1706 1871
1706 1893
1707 1712
1707 1714
1707 1717
1707 1721
1707 1722
1707 1730
1707 1735
1707 1736
1707 1737
1707 1741
1707 1746
1707 1750
1707 1752
1707 1754
1707 1757
1707 1761
1707 1768
1707 1772
1707 1789
1707 1791
1707 1793
1707 1796
1707 1799
1707 1800
1707 1804
1707 1809
1707 1810
1707 1816
1707 1823
1707 1826
1707 1827
1707 1833
1707 1839
1707 1842
1707 1845
1707 1849
1707 1864
1707 1868
1707 1879
1707 1886
1707 1888
1707 1902
1709 1725
1709 1748
1709 1749
1709 1756
1709 1770
1709 1785
1709 1807
1709 1815
1709 1831
1709 1876
1709 1904
1710 1730
1710 1771
1710 1827
1710 1861
1710 1900
1712 1714
1712 1717
1712 1736
1712 1746
1712 1757
1712 1761
1712 1789
1712 1791
1712 1793
1712 1796
1712 1800
1712 1804
1712 1809
1712 1816
1712 1823
1712 1832
1712 1833
1712 1839
1712 1846
1712 1849
1712 1863
1712 1868
1712 1879
1712 1888
1712 1898
1714 1717
1714 1721
1714 1722
1714 1723
1714 1730
1714 1735
1714 1736
1714 1737
1714 1741
1714 1746
1714 1750
1714 1752
1714 1757
1714 1761
1714 1768
1714 1769
1714 1789
1714 1791
1714 1793
1714 1795
1714 1796
1714 1799
1714 1800
1714 1804
1714 1809
1714 1810
1714 1816
1714 1821
1714 1823
1714 1826
1714 1827
1714 1833
1714 1835
1714 1839
1714 1846
1714 1849
1714 1864
1714 1867
1714 1868
1714 1879
1714 1886
1714 1888
1714 1902
1715 1716
1715 1720
1715 1728
1715 1729
1715 1841
1715 1859
1715 1872
1715 1873
1715 1875
1715 1884
1715 1899
1715 1903
1716 1720
1716 1824
1716 1841
1716 1862
1716 1871
1716 1872
1716 1899
1717 1721
1717 1723
1717 1724
1717 1730
1717 1736
1717 1737
1717 1746
1717 1750
1717 1752
1717 1757
1717 1768
1717 1789
1717 1795
1717 1799
1717 1800
1717 1804
1717 1811
1717 1816
1717 1819
1717 1826
1717 1827
1717 1835
1717 1861
1717 1867
1717 1868
1717 1877
1717 1888
1717 1891
1717 1898
1718 1769
1718 1780
1718 1782
1718 1817
1718 1835
1718 1836
1718 1846
1718 1852
1718 1863
1718 1909
1718 1911
1718 1912
1718 1916
1718 1920
1718 1926
1718 1932
1718 1940
1718 1945
1718 1947
1718 1948
1718 1954
1718 1955
1718 2003
1718 2007
1718 2010
1718 2028
1718 2031
1718 2032
1718 2038
1718 2042
1718 2052
1718 2054
1718 2068
1718 2071
1718 2072
1718 2081
1718 2087
1718 2102
1718 2111
1718 2117
1718 2125
1718 2127
1718 2132
1718 2133
1718 2143
1718 2144
1718 2148
1718 2149
1718 2151
1718 2153
1718 2155
1718 2169
1718 2174
1718 2176
1718 2180
1718 2185
1718 2187
1718 2189
1718 2196
1718 2198
1718 2199
1718 2203
1718 2223
1718 2224
1718 2239
1718 2241
1718 2246
1718 2247
1718 2250
1718 2254
1718 2264
1718 2267
1718 2268
1718 2282
1718 2283
1718 2289
1718 2292
1718 2294
1718 2319
1718 2325
1718 2328
1718 2330
1718 2333
1718 2336
1718 2343
1718 2344
1718 2368
1718 2394
1718 2399
1718 2419
1718 2436
1718 2451
1718 2461
1718 2463
1718 2471
1718 2475
1718 2491
1718 2498
1718 2508
1718 2509
1718 2510
1718 2511
1718 2512
1718 2529
1718 2543
1718 2547
1718 2555
1718 2582
1718 2588
1718 2589
1718 2598
1718 2616
1718 2617
1718 2629
1718 2642
1718 2643
1718 2649
1718 2653
1719 1803
1719 1825
1719 1847
1720 1729
1720 1764
1720 1808
1720 1841
1720 1862
1720 1893
1720 1899
1721 1724
1721 1730
1721 1736
1721 1741
1721 1746
1721 1750
1721 1752
1721 1791
1721 1795
1721 1796
1721 1799
1721 1800
1721 1804
1721 1813
1721 1816
1721 1819
1721 1827
1721 1833
1721 1835
1721 1849
1721 1867
1721 1879
1721 1888
1721 1902
1722 1730
1722 1741
1722 1754
1722 1768
1722 1797
1722 1805
1722 1826
1722 1864
1722 1868
1722 1909
1723 1730
1723 1736
1723 1746
1723 1754
1723 1768
1723 1791
1723 1793
1723 1800
1723 1804
1723 1809
1723 1813
1723 1827
1723 1839
1723 1842
1723 1864
1723 1868
1723 1888
1723 1898
1724 1737
1724 1752
1724 1771
1724 1795
1724 1800
1724 1816
1724 1827
1724 1861
1724 1867
1724 1877
1725 1729
1725 1749
1725 1783
1725 1785
1725 1794
1725 1850
1725 1876
1725 1906
1726 2678
1726 2744
1726 3057
1726 3164
1726 3179
1726 3222
1726 3263
1726 3385
1727 1738
1727 1808
1727 1876
1727 1881
1728 1764
1728 1841
1728 1872
1728 1875
1729 1732
1729 1742
1729 1751
1729 1783
1729 1786
1729 1794
1729 1812
1729 1820
1729 1824
1729 1828
1729 1848
1729 1850
1729 1871
1729 1893
1729 1894
1729 1899
1729 1907
1730 1736
1730 1737
1730 1741
1730 1746
1730 1750
1730 1753
1730 1754
1730 1757
1730 1761
1730 1765
1730 1768
1730 1771
1730 1774
1730 1775
1730 1791
1730 1793
1730 1799
1730 1800
1730 1804
1730 1810
1730 1811
1730 1813
1730 1816
1730 1819
1730 1823
1730 1826
1730 1827
1730 1833
1730 1835
1730 1839
1730 1842
1730 1845
1730 1849
1730 1861
1730 1864
1730 1867
1730 1868
1730 1879
1730 1886
1730 1888
1730 1891
1730 1898
1730 1902
1731 1761
1731 1814
1732 1742
1732 1751
1732 1783
1732 1786
1732 1820
1732 1824
1732 1828
1732 1848
1732 1871
1732 1907
1733 1747
1733 1784
1733 1787
1733 1798
1733 1837
1733 1880
1733 1892
1733 1895
1734 1741
1734 1746
1734 1761
1734 1768
1734 1775
1734 1800
1734 1804
1734 1833
1734 1845
1734 1861
1734 1888
1734 1902
1735 1736
1735 1746
1735 1750
1735 1752
1735 1753
1735 1757
1735 1761
1735 1768
1735 1769
1735 1774
1735 1799
1735 1800
1735 1804
1735 1810
1735 1823
1735 1827
1735 1833
1735 1835
1735 1836
1735 1839
1735 1845
1735 1849
1735 1851
1735 1867
1735 1877
1735 1886
1735 1888
1736 1746
1736 1750
1736 1754
1736 1757
1736 1768
1736 1772
1736 1789
1736 1791
1736 1793
1736 1799
1736 1800
1736 1804
1736 1809
1736 1810
1736 1816
1736 1819
1736 1823
1736 1827
1736 1833
1736 1839
1736 1842
1736 1845
1736 1849
1736 1864
1736 1879
1736 1888
1736 1900
1736 1902
1737 1741
1737 1746
1737 1750
1737 1752
1737 1757
1737 1789
1737 1796
1737 1799
1737 1800
1737 1810
1737 1816
1737 1819
1737 1827
1737 1833
1737 1877
1737 1879
1737 1888
1738 1807
1738 1876
1739 1783
1739 1876
1739 1904
1739 1906
1740 1744
1740 1766
1740 1778
1740 1882
1741 1746
1741 1782
1741 1800
1741 1809
1741 1816
1741 1823
1741 1826
1741 1827
1741 1833
1741 1861
1741 1867
1741 1868
1741 1879
1741 1886
1741 1888
1741 1898
1742 1751
1742 1783
1742 1786
1742 1812
1742 1820
1742 1824
1742 1828
1742 1848
1742 1871
1742 1893
1742 1894
1742 1907
1743 1829
1743 1831
1743 1844
1743 1901
1743 1910
1744 1766
1744 1778
1744 1829
1744 1844
1744 1882
1745 1770
1745 1830
1746 1750
1746 1752
1746 1757
1746 1761
1746 1768
1746 1780
1746 1789
1746 1793
1746 1795
1746 1796
1746 1799
1746 1800
1746 1804
1746 1809
1746 1810
1746 1813
1746 1816
1746 1819
1746 1823
1746 1826
1746 1827
1746 1833
1746 1835
1746 1839
1746 1849
1746 1867
1746 1868
1746 1877
1746 1879
1746 1886
1746 1888
1746 1891
1746 1898
1746 1902
1747 1784
1747 1787
1747 1837
1747 1880
1747 1895
1748 1756
1749 1785
1750 1752
1750 1761
1750 1771
1750 1789
1750 1791
1750 1793
1750 1795
1750 1799
1750 1800
1750 1819
1750 1823
1750 1827
1750 1833
1750 1835
1750 1844
1750 1849
1750 1867
1750 1879
1750 1888
1750 1902
1751 1783
1751 1786
1751 1812
1751 1820
1751 1824
1751 1828
1751 1848
1751 1871
1751 1875
1751 1893
1751 1894
1752 1757
1752 1795
1752 1796
1752 1799
1752 1800
1752 1804
1752 1819
1752 1827
1752 1833
1752 1835
1752 1861
1752 1867
1752 1868
1752 1886
1752 1888
1752 1891
1753 1761
1753 1768
1753 1769
1753 1799
1753 1800
1753 1804
1753 1827
1753 1833
1753 1835
1753 1845
1753 1861
1753 1864
1753 1886
1753 1888
1753 1891
1754 1800
1754 1819
1754 1845
1754 1864
1754 1879
1756 1831
1757 1761
1757 1768
1757 1782
1757 1791
1757 1793
1757 1799
1757 1800
1757 1804
1757 1809
1757 1810
1757 1816
1757 1827
1757 1833
1757 1835
1757 1868
1757 1879
1757 1886
1757 1888
1757 1898
1758 1787
1758 1835
1758 1837
1758 1858
1758 2677
1758 2764
1758 2813
1758 2825
1758 2979
1758 3205
1758 3432
1759 1840
1761 1765
1761 1768
1761 1791
1761 1799
1761 1800
1761 1804
1761 1807
1761 1810
1761 1814
1761 1818
1761 1823
1761 1827
1761 1829
1761 1833
1761 1835
1761 1843
1761 1864
1761 1867
1761 1868
1761 1885
1761 1888
1761 1897
1763 1766
1763 1773
1763 1844
1763 1870
1763 1878
1763 1882
1765 1768
1765 1779
1765 1782
1765 1791
1765 1810
1765 1813
1765 1819
1765 1835
1765 1842
1765 1846
1765 1851
1765 1883
1766 1773
1766 1801
1766 1844
1766 1870
1766 1878
1766 1881
1766 1882
1767 1844
1768 1772
1768 1774
1768 1791
1768 1793
1768 1795
1768 1799
1768 1800
1768 1804
1768 1809
1768 1811
1768 1813
1768 1823
1768 1827
1768 1833
1768 1835
1768 1842
1768 1845
1768 1849
1768 1860
1768 1861
1768 1863
1768 1864
1768 1868
1768 1879
1768 1888
1768 1891
1768 1898
1768 1900
1768 1902
1768 1909
1769 1774
1769 1799
1769 1836
1769 1845
1770 1778
1770 1876
1770 1904
1770 1906
1771 1800
1771 1827
1771 1867
1772 1791
1772 1793
1772 1804
1772 1842
1772 1849
1772 1861
1772 1868
1772 1879
1772 1888
1772 1898
1772 1902
1773 1801
1773 1844
1773 1881
1774 1799
1774 1835
1774 1836
1774 1845
1774 1851
1774 1879
1774 1886
1774 1911
1775 1845
1776 1808
1778 1882
1779 1822
1779 1851
1779 1883
1779 1905
1780 1800
1780 1817
1780 1858
1780 1909
1781 1783
1781 1807
1781 1830
1781 1869
1782 1799
1782 1800
1782 1804
1782 1826
1782 1833
1782 1835
1782 1842
1782 1851
1782 1886
1782 1888
1782 1909
1783 1785
1783 1786
1783 1794
1783 1807
1783 1812
1783 1820
1783 1824
1783 1828
1783 1848
1783 1871
1783 1887
1783 1893
1783 1894
1783 1906
1783 1907
1784 1787
1784 1798
1784 1837
1784 1895
1785 1828
1786 1812
1786 1820
1786 1824
1786 1828
1786 1848
1786 1850
1786 1857
1786 1871
1786 1872
1786 1873
1786 1893
1786 1894
1786 1907
1787 1798
1787 1837
1787 1876
1787 1880
1787 1892
1787 1895
1789 1796
1789 1799
1789 1800
1789 1804
1789 1810
1789 1819
1789 1827
1789 1833
1789 1861
1789 1867
1789 1877
1789 1879
1789 1888
1790 1841
1790 1844
1790 1878
1791 1793
1791 1800
1791 1804
1791 1813
1791 1823
1791 1826
1791 1827
1791 1833
1791 1835
1791 1839
1791 1842
1791 1849
1791 1851
1791 1861
1791 1864
1791 1868
1791 1888
1791 1898
1791 1902
1792 1860
1793 1796
1793 1800
1793 1804
1793 1809
1793 1810
1793 1816
1793 1823
1793 1827
1793 1833
1793 1835
1793 1839
1793 1842
1793 1845
1793 1864
1793 1867
1793 1868
1793 1879
1793 1888
1794 1807
1794 1818
1794 1844
1794 1850
1794 1871
1794 1881
1794 1894
1794 1897
1794 1910
1795 1799
1795 1800
1795 1819
1795 1827
1795 1833
1795 1835
1795 1839
1795 1861
1795 1867
1795 1877
1795 1891
1796 1799
1796 1800
1796 1804
1796 1813
1796 1827
1796 1833
1796 1849
1796 1867
1796 1888
1796 1902
1797 1854
1798 1802
1798 1837
1798 1880
1798 1895
1799 1800
1799 1804
1799 1810
1799 1813
1799 1816
1799 1819
1799 1823
1799 1826
1799 1827
1799 1833
1799 1835
1799 1836
1799 1839
1799 1845
1799 1849
1799 1867
1799 1877
1799 1879
1799 1886
1799 1888
1800 1804
1800 1809
1800 1810
1800 1811
1800 1813
1800 1816
1800 1819
1800 1823
1800 1826
1800 1827
1800 1833
1800 1835
1800 1836
1800 1839
1800 1842
1800 1843
1800 1845
1800 1849
1800 1864
1800 1867
1800 1868
1800 1877
1800 1879
1800 1881
1800 1886
1800 1888
1800 1891
1800 1898
1800 1902
1801 1844
1802 1837
1802 1895
1803 1847
1803 1866
1804 1809
1804 1811
1804 1813
1804 1816
1804 1823
1804 1827
1804 1833
1804 1835
1804 1839
1804 1842
1804 1849
1804 1861
1804 1863
1804 1868
1804 1879
1804 1886
1804 1888
1804 1898
1804 1902
1805 1813
1805 1852
1805 1858
1805 1911
1806 1825
1806 1866
1806 1908
1807 1818
1807 1885
1807 1897
1809 1810
1809 1813
1809 1816
1809 1826
1809 1832
1809 1833
1809 1839
1809 1868
1809 1879
1809 1886
1809 1888
1809 1898
1809 1900
1810 1816
1810 1823
1810 1826
1810 1827
1810 1833
1810 1839
1810 1845
1810 1868
1810 1877
1810 1879
1810 1888
1811 1813
1811 1835
1811 1839
1811 1842
1811 1861
1811 1888
1811 1902
1812 1820
1812 1824
1812 1871
1812 1893
1812 1894
1813 1826
1813 1827
1813 1833
1813 1835
1813 1839
1813 1842
1813 1845
1813 1861
1813 1864
1813 1867
1813 1868
1813 1879
1813 1885
1813 1888
1813 1891
1813 1898
1813 1911
1815 1869
1815 1906
1816 1826
1816 1827
1816 1835
1816 1839
1816 1864
1816 1867
1816 1868
1816 1886
1816 1888
1816 1898
1816 1902
1817 1846
1817 1858
1817 1863
1817 1909
1817 1911
1818 1823
1818 1885
1818 1897
1819 1827
1819 1833
1819 1835
1819 1846
1819 1867
1819 1877
1819 1888
1820 1824
1820 1828
1820 1848
1820 1859
1820 1871
1820 1893
1820 1894
1820 1907
1821 1839
1821 1888
1822 1905
1823 1826
1823 1827
1823 1833
1823 1835
1823 1839
1823 1849
1823 1879
1823 1886
1823 1888
1823 1902
1824 1848
1824 1871
1824 1893
1824 1894
1826 1839
1826 1842
1826 1868
1826 1879
1826 1888
1827 1833
1827 1835
1827 1839
1827 1843
1827 1845
1827 1849
1827 1861
1827 1864
1827 1867
1827 1877
1827 1879
1827 1886
1827 1888
1827 1891
1827 1902
1828 1848
1828 1871
1828 1893
1828 1894
1828 1907
1829 1831
1829 1910
1831 1901
1831 1910
1832 1839
1832 1868
1832 1886
1832 1888
1832 1898
1833 1835
1833 1839
1833 1842
1833 1849
1833 1867
1833 1879
1833 1886
1833 1888
1833 1902
1835 1839
1835 1842
1835 1845
1835 1851
1835 1861
1835 1864
1835 1867
1835 1883
1835 1888
1835 1891
1835 1902
1836 1852
1837 1880
1837 1895
1839 1842
1839 1845
1839 1849
1839 1864
1839 1879
1839 1886
1839 1888
1839 1898
1839 1902
1839 1909
1841 1857
1841 1862
1841 1872
1841 1875
1842 1843
1842 1849
1842 1861
1842 1864
1842 1868
1842 1879
1842 1888
1842 1902
1843 1845
1844 1853
1844 1878
1844 1882
1844 1897
1845 1864
1845 1902
1846 1851
1846 1883
1847 1866
1848 1871
1848 1894
1849 1864
1849 1879
1849 1888
1850 1857
1850 1893
1852 1863
1857 1859
1857 1862
1857 1872
1857 1884
1857 1893
1857 1899
1858 1863
1858 1908
1858 1911
1859 1862
1860 1911
1861 1888
1861 1891
1861 1902
1862 1872
1862 1899
1862 1903
1863 1879
1863 1883
1863 1888
1863 1909
1863 1911
1864 1879
1864 1888
1864 1902
1865 1911
1867 1877
1867 1881
1867 1885
1867 1886
1867 1888
1868 1888
1868 1898
1868 1900
1868 1902
1869 1904
1870 1882
1871 1893
1871 1894
1871 1907
1872 1893
1872 1903
1873 1899
1873 1903
1874 1888
1876 1906
1877 1888
1878 1882
1879 1888
1879 1898
1879 1902
1880 1892
1880 1895
1881 1882
1881 1885
1881 1897
1881 1910
1884 1899
1884 1903
1885 1897
1886 1888
1887 1899
1888 1891
1888 1898
1888 1902
1893 1894
1894 1907
1897 1910
1898 1902
1899 1903
1899 1907
1901 1910
1902 1911
1904 1906
1909 1911
1912 1913
1912 1914
1912 1915
1912 1916
1912 1917
1912 1918
1912 1919
1912 1920
1912 1921
1912 1922
1912 1923
1912 1924
1912 1925
1912 1926
1912 1927
1912 1928
1912 1929
1912 1930
1912 1931
1912 1932
1912 1933
1912 1934
1912 1935
1912 1936
1912 1937
1912 1938
1912 1939
1912 1940
1912 1941
1912 1942
1912 1943
1912 1944
1912 1945
1912 1946
1912 1947
1912 1948
1912 1949
1912 1950
1912 1951
1912 1952
1912 1953
1912 1954
1912 1955
1912 1956
1912 1957
1912 1958
1912 1959
1912 1960
1912 1961
1912 1962
1912 1963
1912 1964
1912 1965
1912 1966
1912 1967
1912 1968
1912 1969
1912 1970
1912 1971
1912 1972
1912 1973
1912 1974
1912 1975
1912 1976
1912 1977
1912 1978
1912 1979
1912 1980
1912 1981
1912 1982
1912 1983
1912 1984
1912 1985
1912 1986
1912 1987
1912 1988
1912 1989
1912 1990
1912 1991
1912 1992
1912 1993
1912 1994
1912 1995
1912 1996
1912 1997
1912 1998
1912 1999
1912 2000
1912 2001
1912 2002
1912 2003
1912 2004
1912 2005
1912 2006
1912 2007
1912 2008
1912 2009
1912 2010
1912 2011
1912 2012
1912 2013
1912 2014
1912 2015
1912 2016
1912 2017
1912 2018
1912 2019
1912 2020
1912 2021
1912 2022
1912 2023
1912 2024
1912 2025
1912 2026
1912 2027
1912 2028
1912 2029
1912 2030
1912 2031
1912 2032
1912 2033
1912 2034
1912 2035
1912 2036
1912 2037
1912 2038
1912 2039
1912 2040
1912 2041
1912 2042
1912 2043
1912 2044
1912 2045
1912 2046
1912 2047
1912 2048
1912 2049
1912 2050
1912 2051
1912 2052
1912 2053
1912 2054
1912 2055
1912 2056
1912 2057
1912 2058
1912 2059
1912 2060
1912 2061
1912 2062
1912 2063
1912 2064
1912 2065
1912 2066
1912 2067
1912 2068
1912 2069
1912 2070
1912 2071
1912 2072
1912 2073
1912 2074
1912 2075
1912 2076
1912 2077
1912 2078
1912 2079
1912 2080
1912 2081
1912 2082
1912 2083
1912 2084
1912 2085
1912 2086
1912 2087
1912 2088
1912 2089
1912 2090
1912 2091
1912 2092
1912 2093
1912 2094
1912 2095
1912 2096
1912 2097
1912 2098
1912 2099
1912 2100
1912 2101
1912 2102
1912 2103
1912 2104
1912 2105
1912 2106
1912 2107
1912 2108
1912 2109
1912 2110
1912 2111
1912 2112
1912 2113
1912 2114
1912 2115
1912 2116
1912 2117
1912 2118
1912 2119
1912 2120
1912 2121
1912 2122
1912 2123
1912 2124
1912 2125
1912 2126
1912 2127
1912 2128
1912 2129
1912 2130
1912 2131
1912 2132
1912 2133
1912 2134
1912 2135
1912 2136
1912 2137
1912 2138
1912 2139
1912 2140
1912 2141
1912 2142
1912 2143
1912 2144
1912 2145
1912 2146
1912 2147
1912 2148
1912 2149
1912 2150
1912 2151
1912 2152
1912 2153
1912 2154
1912 2155
1912 2156
1912 2157
1912 2158
1912 2159
1912 2160
1912 2161
1912 2162
1912 2163
1912 2164
1912 2165
1912 2166
1912 2167
1912 2168
1912 2169
1912 2170
1912 2171
1912 2172
1912 2173
1912 2174
1912 2175
1912 2176
1912 2177
1912 2178
1912 2179
1912 2180
1912 2181
1912 2182
1912 2183
1912 2184
1912 2185
1912 2186
1912 2187
1912 2188
1912 2189
1912 2190
1912 2191
1912 2192
1912 2193
1912 2194
1912 2195
1912 2196
1912 2197
1912 2198
1912 2199
1912 2200
1912 2201
1912 2202
1912 2203
1912 2204
1912 2205
1912 2206
1912 2207
1912 2208
1912 2209
1912 2210
1912 2211
1912 2212
1912 2213
1912 2214
1912 2215
1912 2216
1912 2217
1912 2218
1912 2219
1912 2220
1912 2221
1912 2222
1912 2223
1912 2224
1912 2225
1912 2226
1912 2227
1912 2228
1912 2229
1912 2230
1912 2231
1912 2232
1912 2233
1912 2234
1912 2235
1912 2236
1912 2237
1912 2238
1912 2239
1912 2240
1912 2241
1912 2242
1912 2243
1912 2244
1912 2245
1912 2246
1912 2247
1912 2248
1912 2249
1912 2250
1912 2251
1912 2252
1912 2253
1912 2254
1912 2255
1912 2256
1912 2257
1912 2258
1912 2259
1912 2260
1912 2261
1912 2262
1912 2263
1912 2264
1912 2265
1912 2266
1912 2267
1912 2268
1912 2269
1912 2270
1912 2271
1912 2272
1912 2273
1912 2274
1912 2275
1912 2276
1912 2277
1912 2278
1912 2279
1912 2280
1912 2281
1912 2282
1912 2283
1912 2284
1912 2285
1912 2286
1912 2287
1912 2288
1912 2289
1912 2290
1912 2291
1912 2292
1912 2293
1912 2294
1912 2295
1912 2296
