1912 2297
1912 2298
1912 2299
1912 2300
1912 2301
1912 2302
1912 2303
1912 2304
1912 2305
1912 2306
1912 2307
1912 2308
1912 2309
1912 2310
1912 2311
1912 2312
1912 2313
1912 2314
1912 2315
1912 2316
1912 2317
1912 2318
1912 2319
1912 2320
1912 2321
1912 2322
1912 2323
1912 2324
1912 2325
1912 2326
1912 2327
1912 2328
1912 2329
1912 2330
1912 2331
1912 2332
1912 2333
1912 2334
1912 2335
1912 2336
1912 2337
1912 2338
1912 2339
1912 2340
1912 2341
1912 2342
1912 2343
1912 2344
1912 2345
1912 2346
1912 2347
1912 2348
1912 2349
1912 2350
1912 2351
1912 2352
1912 2353
1912 2354
1912 2355
1912 2356
1912 2357
1912 2358
1912 2359
1912 2360
1912 2361
1912 2362
1912 2363
1912 2364
1912 2365
1912 2366
1912 2367
1912 2368
1912 2369
1912 2370
1912 2371
1912 2372
1912 2373
1912 2374
1912 2375
1912 2376
1912 2377
1912 2378
1912 2379
1912 2380
1912 2381
1912 2382
1912 2383
1912 2384
1912 2385
1912 2386
1912 2387
1912 2388
1912 2389
1912 2390
1912 2391
1912 2392
1912 2393
1912 2394
1912 2395
1912 2396
1912 2397
1912 2398
1912 2399
1912 2400
1912 2401
1912 2402
1912 2403
1912 2404
1912 2405
1912 2406
1912 2407
1912 2408
1912 2409
1912 2410
1912 2411
1912 2412
1912 2413
1912 2414
1912 2415
1912 2416
1912 2417
1912 2418
1912 2419
1912 2420
1912 2421
1912 2422
1912 2423
1912 2424
1912 2425
1912 2426
1912 2427
1912 2428
1912 2429
1912 2430
1912 2431
1912 2432
1912 2433
1912 2434
1912 2435
1912 2436
1912 2437
1912 2438
1912 2439
1912 2440
1912 2441
1912 2442
1912 2443
1912 2444
1912 2445
1912 2446
1912 2447
1912 2448
1912 2449
1912 2450
1912 2451
1912 2452
1912 2453
1912 2454
1912 2455
1912 2456
1912 2457
1912 2458
1912 2459
1912 2460
1912 2461
1912 2462
1912 2463
1912 2464
1912 2465
1912 2466
1912 2467
1912 2468
1912 2469
1912 2470
1912 2471
1912 2472
1912 2473
1912 2474
1912 2475
1912 2476
1912 2477
1912 2478
1912 2479
1912 2480
1912 2481
1912 2482
1912 2483
1912 2484
1912 2485
1912 2486
1912 2487
1912 2488
1912 2489
1912 2490
1912 2491
1912 2492
1912 2493
1912 2494
1912 2495
1912 2496
1912 2497
1912 2498
1912 2499
1912 2500
1912 2501
1912 2502
1912 2503
1912 2504
1912 2505
1912 2506
1912 2507
1912 2508
1912 2509
1912 2510
1912 2511
1912 2512
1912 2513
1912 2514
1912 2515
1912 2516
1912 2517
1912 2518
1912 2519
1912 2520
1912 2521
1912 2522
1912 2523
1912 2524
1912 2525
1912 2526
1912 2527
1912 2528
1912 2529
1912 2530
1912 2531
1912 2532
1912 2533
1912 2534
1912 2535
1912 2536
1912 2537
1912 2538
1912 2539
1912 2540
1912 2541
1912 2542
1912 2543
1912 2544
1912 2545
1912 2546
1912 2547
1912 2548
1912 2549
1912 2550
1912 2551
1912 2552
1912 2553
1912 2554
1912 2555
1912 2556
1912 2557
1912 2558
1912 2559
1912 2560
1912 2561
1912 2562
1912 2563
1912 2564
1912 2565
1912 2566
1912 2567
1912 2568
1912 2569
1912 2570
1912 2571
1912 2572
1912 2573
1912 2574
1912 2575
1912 2576
1912 2577
1912 2578
1912 2579
1912 2580
1912 2581
1912 2582
1912 2583
1912 2584
1912 2585
1912 2586
1912 2587
1912 2588
1912 2589
1912 2590
1912 2591
1912 2592
1912 2593
1912 2594
1912 2595
1912 2596
1912 2597
1912 2598
1912 2599
1912 2600
1912 2601
1912 2602
1912 2603
1912 2604
1912 2605
1912 2606
1912 2607
1912 2608
1912 2609
1912 2610
1912 2611
1912 2612
1912 2613
1912 2614
1912 2615
1912 2616
1912 2617
1912 2618
1912 2619
1912 2620
1912 2621
1912 2622
1912 2623
1912 2624
1912 2625
1912 2626
1912 2627
1912 2628
1912 2629
1912 2630
1912 2631
1912 2632
1912 2633
1912 2634
1912 2635
1912 2636
1912 2637
1912 2638
1912 2639
1912 2640
1912 2641
1912 2642
1912 2643
1912 2644
1912 2645
1912 2646
1912 2647
1912 2648
1912 2649
1912 2650
1912 2651
1912 2652
1912 2653
1912 2654
1912 2655
1912 2656
1912 2657
1912 2658
1912 2659
1912 2660
1913 2116
1913 2127
1913 2203
1913 2250
1913 2312
1913 2319
1913 2355
1913 2384
1913 2389
1913 2400
1913 2413
1913 2502
1913 2529
1913 2530
1913 2531
1913 2582
1913 2616
1914 1919
1914 1927
1914 1931
1914 1935
1914 1951
1914 1972
1914 1973
1914 1980
1914 1991
1914 1995
1914 2000
1914 2001
1914 2004
1914 2006
1914 2009
1914 2011
1914 2018
1914 2022
1914 2024
1914 2025
1914 2027
1914 2061
1914 2097
1914 2116
1914 2171
1914 2225
1914 2284
1914 2364
1914 2365
1914 2378
1914 2435
1914 2494
1914 2583
1914 2585
1914 2620
1914 2626
1914 2627
1914 2633
1914 2636
1914 2645
1914 2647
1914 2648
1914 2657
1914 2658
1914 2659
1914 2660
1915 1922
1915 2107
1915 2114
1915 2146
1915 2156
1915 2251
1915 2341
1915 2412
1915 2455
1915 2587
1916 1932
1916 1939
1916 1940
1916 1945
1916 1947
1916 1952
1916 1954
1916 1970
1916 2002
1916 2003
1916 2007
1916 2010
1916 2028
1916 2032
1916 2039
1916 2042
1916 2052
1916 2054
1916 2081
1916 2087
1916 2102
1916 2111
1916 2125
1916 2128
1916 2132
1916 2133
1916 2143
1916 2149
1916 2151
1916 2169
1916 2174
1916 2176
1916 2183
1916 2199
1916 2203
1916 2221
1916 2241
1916 2246
1916 2247
1916 2250
1916 2273
1916 2282
1916 2283
1916 2289
1916 2292
1916 2294
1916 2298
1916 2304
1916 2318
1916 2328
1916 2332
1916 2343
1916 2344
1916 2368
1916 2377
1916 2384
1916 2399
1916 2419
1916 2434
1916 2461
1916 2463
1916 2471
1916 2475
1916 2498
1916 2509
1916 2512
1916 2518
1916 2519
1916 2544
1916 2555
1916 2582
1916 2588
1916 2598
1916 2616
1916 2642
1916 2649
1917 1918
1917 1925
1917 1929
1917 1938
1917 1943
1917 1946
1917 1953
1917 1962
1917 1963
1917 1966
1917 1979
1917 1983
1917 1984
1917 1985
1917 1986
1917 1993
1917 1997
1917 2005
1917 2020
1917 2030
1917 2033
1917 2037
1917 2040
1917 2043
1917 2045
1917 2046
1917 2055
1917 2056
1917 2059
1917 2063
1917 2064
1917 2069
1917 2073
1917 2074
1917 2077
1917 2078
1917 2083
1917 2084
1917 2086
1917 2088
1917 2090
1917 2093
1917 2095
1917 2098
1917 2103
1917 2104
1917 2108
1917 2112
1917 2115
1917 2118
1917 2121
1917 2123
1917 2124
1917 2131
1917 2136
1917 2139
1917 2140
1917 2142
1917 2150
1917 2154
1917 2165
1917 2172
1917 2179
1917 2184
1917 2188
1917 2190
1917 2200
1917 2201
1917 2206
1917 2212
1917 2216
1917 2218
1917 2220
1917 2229
1917 2237
1917 2240
1917 2244
1917 2253
1917 2257
1917 2258
1917 2261
1917 2266
1917 2271
1917 2275
1917 2278
1917 2290
1917 2299
1917 2300
1917 2307
1917 2308
1917 2309
1917 2323
1917 2324
1917 2326
1917 2329
1917 2331
1917 2334
1917 2339
1917 2340
1917 2347
1917 2352
1917 2353
1917 2354
1917 2356
1917 2359
1917 2363
1917 2369
1917 2370
1917 2374
1917 2376
1917 2381
1917 2386
1917 2391
1917 2395
1917 2404
1917 2407
1917 2408
1917 2409
1917 2410
1917 2414
1917 2418
1917 2423
1917 2428
1917 2429
1917 2430
1917 2433
1917 2460
1917 2462
1917 2464
1917 2467
1917 2468
1917 2469
1917 2477
1917 2478
1917 2482
1917 2484
1917 2485
1917 2492
1917 2495
1917 2499
1917 2500
1917 2504
1917 2507
1917 2520
1917 2521
1917 2526
1917 2532
1917 2539
1917 2542
1917 2543
1917 2546
1917 2549
1917 2550
1917 2551
1917 2553
1917 2554
1917 2556
1917 2559
1917 2560
1917 2561
1917 2563
1917 2564
1917 2573
1917 2575
1917 2576
1917 2578
1917 2579
1917 2586
1917 2590
1917 2591
1917 2593
1917 2600
1917 2601
1917 2602
1917 2604
1917 2607
1917 2611
1917 2613
1917 2615
1917 2619
1917 2623
1917 2624
1917 2625
1917 2630
1917 2631
1917 2638
1917 2646
1917 2654
1917 2655
1918 1925
1918 1929
1918 1938
1918 1941
1918 1943
1918 1946
1918 1962
1918 1963
1918 1971
1918 1979
1918 1983
1918 1984
1918 1985
1918 1993
1918 1997
1918 2005
1918 2020
1918 2026
1918 2030
1918 2033
1918 2043
1918 2045
1918 2046
1918 2055
1918 2056
1918 2059
1918 2064
1918 2069
1918 2073
1918 2074
1918 2078
1918 2083
1918 2084
1918 2088
1918 2090
1918 2093
1918 2095
1918 2098
1918 2104
1918 2108
1918 2109
1918 2112
1918 2115
1918 2118
1918 2121
1918 2123
1918 2124
1918 2139
1918 2140
1918 2142
1918 2154
1918 2165
1918 2172
1918 2184
1918 2188
1918 2190
1918 2200
1918 2201
1918 2206
1918 2212
1918 2213
1918 2218
1918 2220
1918 2233
1918 2240
1918 2244
1918 2257
1918 2261
1918 2266
1918 2271
1918 2275
1918 2276
1918 2278
1918 2287
1918 2290
1918 2299
1918 2300
1918 2308
1918 2309
1918 2323
1918 2324
1918 2326
1918 2329
1918 2331
1918 2339
1918 2340
1918 2347
1918 2348
1918 2352
1918 2353
1918 2354
1918 2356
1918 2369
1918 2374
1918 2376
1918 2381
1918 2386
1918 2392
1918 2404
1918 2409
1918 2410
1918 2423
1918 2430
1918 2433
1918 2460
1918 2464
1918 2467
1918 2469
1918 2482
1918 2484
1918 2485
1918 2492
1918 2495
1918 2500
1918 2504
1918 2506
1918 2507
1918 2520
1918 2521
1918 2526
1918 2532
1918 2536
1918 2539
1918 2542
1918 2543
1918 2546
1918 2549
1918 2551
1918 2552
1918 2553
1918 2554
1918 2559
1918 2560
1918 2561
1918 2563
1918 2564
1918 2573
1918 2574
1918 2578
1918 2579
1918 2586
1918 2590
1918 2591
1918 2593
1918 2600
1918 2601
1918 2602
1918 2604
1918 2607
1918 2611
1918 2615
1918 2619
1918 2623
1918 2624
1918 2625
1918 2630
1918 2638
1918 2654
1918 2655
1919 1921
1919 1927
1919 1931
1919 1935
1919 1951
1919 1954
1919 1958
1919 1968
1919 1972
1919 1973
1919 1980
1919 1995
1919 1998
1919 1999
1919 2004
1919 2006
1919 2011
1919 2016
1919 2022
1919 2024
1919 2025
1919 2061
1919 2097
1919 2143
1919 2159
1919 2171
1919 2192
1919 2202
1919 2225
1919 2284
1919 2297
1919 2341
1919 2346
1919 2364
1919 2365
1919 2459
1919 2494
1919 2538
1919 2583
1919 2585
1919 2620
1919 2626
1919 2627
1919 2633
1919 2636
1919 2640
1919 2645
1919 2647
1919 2648
1919 2657
1919 2658
1919 2659
1919 2660
1920 1932
1920 1939
1920 1940
1920 1941
1920 1945
1920 1948
1920 1955
1920 1959
1920 1987
1920 1994
1920 2007
1920 2010
1920 2028
1920 2032
1920 2038
1920 2039
1920 2042
1920 2047
1920 2052
1920 2053
1920 2054
1920 2062
1920 2068
1920 2071
1920 2072
1920 2081
1920 2087
1920 2102
1920 2111
1920 2117
1920 2125
1920 2127
1920 2128
1920 2134
1920 2135
1920 2137
1920 2138
1920 2144
1920 2148
1920 2149
1920 2151
1920 2153
1920 2161
1920 2180
1920 2183
1920 2187
1920 2191
1920 2194
1920 2196
1920 2199
1920 2215
1920 2223
1920 2224
1920 2235
1920 2241
1920 2246
1920 2247
1920 2250
1920 2259
1920 2267
1920 2279
1920 2282
1920 2283
1920 2285
1920 2292
1920 2293
1920 2294
1920 2302
1920 2315
1920 2319
1920 2327
1920 2328
1920 2332
1920 2333
1920 2336
1920 2338
1920 2343
1920 2347
1920 2351
1920 2372
1920 2384
1920 2385
1920 2398
1920 2399
1920 2420
1920 2434
1920 2438
1920 2458
1920 2461
1920 2463
1920 2465
1920 2468
1920 2471
1920 2472
1920 2475
1920 2502
1920 2508
1920 2509
1920 2510
1920 2511
1920 2512
1920 2516
1920 2533
1920 2543
1920 2547
1920 2555
1920 2567
1920 2582
1920 2592
1920 2597
1920 2598
1920 2608
1920 2609
1920 2616
1920 2617
1920 2629
1920 2643
1920 2649
1920 2653
1921 1935
1921 1951
1921 1954
1921 1968
1921 1973
1921 1980
1921 2001
1921 2004
1921 2009
1921 2013
1921 2022
1921 2024
1921 2025
1921 2027
1921 2061
1921 2116
1921 2143
1921 2159
1921 2202
1921 2297
1921 2365
1921 2378
1921 2447
1921 2459
1921 2472
1921 2533
1921 2585
1921 2620
1921 2627
1921 2633
1921 2636
1921 2639
1921 2640
1921 2647
1921 2648
1921 2657
1921 2658
1921 2659
1922 1990
1922 2107
1922 2120
1922 2126
1922 2129
1922 2156
1922 2160
1922 2317
1922 2341
1922 2412
1922 2424
1922 2455
1922 2587
1923 1944
1923 1945
1923 1964
1923 2029
1923 2031
1923 2032
1923 2038
1923 2047
1923 2117
1923 2133
1923 2141
1923 2145
1923 2155
1923 2163
1923 2174
1923 2176
1923 2185
1923 2205
1923 2209
1923 2211
1923 2226
1923 2241
1923 2242
1923 2247
1923 2254
1923 2270
1923 2272
1923 2273
1923 2289
1923 2310
1923 2318
1923 2325
1923 2328
1923 2362
1923 2406
1923 2416
1923 2419
1923 2425
1923 2434
1923 2452
1923 2475
1923 2480
1923 2491
1923 2493
1923 2498
1923 2511
1923 2518
1923 2525
1923 2557
1923 2581
1923 2603
1923 2610
1923 2637
1923 2641
1923 2642
1924 1988
1924 2207
1924 2259
1924 2401
1924 2622
1925 1929
1925 1942
1925 1946
1925 1966
1925 1971
1925 1979
1925 1983
1925 1984
1925 1985
1925 1993
1925 2026
1925 2030
1925 2037
1925 2043
1925 2045
1925 2056
1925 2058
1925 2069
1925 2073
1925 2078
1925 2083
1925 2084
1925 2088
1925 2095
1925 2098
1925 2104
1925 2109
1925 2112
1925 2118
1925 2122
1925 2123
1925 2124
1925 2140
1925 2142
1925 2150
1925 2164
1925 2165
1925 2172
1925 2184
1925 2188
1925 2190
1925 2200
1925 2201
1925 2206
1925 2212
1925 2218
1925 2229
1925 2233
1925 2240
1925 2244
1925 2257
1925 2266
1925 2271
1925 2275
1925 2278
1925 2290
1925 2299
1925 2300
1925 2323
1925 2324
1925 2329
1925 2333
1925 2339
1925 2340
1925 2347
1925 2348
1925 2352
1925 2356
1925 2369
1925 2374
1925 2376
1925 2381
1925 2395
1925 2409
1925 2410
1925 2414
1925 2423
1925 2430
1925 2464
1925 2485
1925 2492
1925 2495
1925 2500
1925 2504
1925 2506
1925 2507
1925 2520
1925 2521
1925 2536
1925 2542
1925 2543
1925 2549
1925 2550
1925 2551
1925 2552
1925 2553
1925 2554
1925 2559
1925 2560
1925 2561
1925 2563
1925 2564
1925 2573
1925 2578
1925 2579
1925 2586
1925 2590
1925 2593
1925 2600
1925 2601
1925 2602
1925 2604
1925 2607
1925 2611
1925 2615
1925 2619
1925 2624
1925 2625
1925 2630
1925 2638
1925 2654
1925 2655
1926 1932
1926 1941
1926 1945
1926 1947
1926 1954
1926 1955
1926 1959
1926 1964
1926 1970
1926 2002
1926 2007
1926 2026
1926 2031
1926 2032
1926 2036
1926 2038
1926 2039
1926 2047
1926 2053
1926 2054
1926 2068
1926 2071
1926 2072
1926 2081
1926 2082
1926 2085
1926 2087
1926 2101
1926 2102
1926 2111
1926 2125
1926 2127
1926 2133
1926 2134
1926 2138
1926 2145
1926 2149
1926 2153
1926 2161
1926 2169
1926 2174
1926 2176
1926 2183
1926 2186
1926 2187
1926 2189
1926 2191
1926 2194
1926 2199
1926 2205
1926 2209
1926 2211
1926 2214
1926 2223
1926 2224
1926 2226
1926 2232
1926 2235
1926 2241
1926 2246
1926 2247
1926 2254
1926 2259
1926 2264
1926 2267
1926 2268
1926 2273
1926 2279
1926 2280
1926 2282
1926 2283
1926 2285
1926 2289
1926 2291
1926 2292
1926 2296
1926 2302
1926 2304
1926 2313
1926 2318
1926 2319
1926 2322
1926 2325
1926 2327
1926 2328
1926 2333
1926 2336
1926 2338
1926 2345
1926 2347
1926 2366
1926 2367
1926 2368
1926 2379
1926 2384
1926 2394
1926 2396
1926 2398
1926 2406
1926 2417
1926 2419
1926 2451
1926 2458
1926 2461
1926 2463
1926 2471
1926 2472
1926 2473
1926 2475
1926 2491
1926 2498
1926 2508
1926 2509
1926 2510
1926 2511
1926 2537
1926 2543
1926 2547
1926 2555
1926 2566
1926 2567
1926 2589
1926 2594
1926 2597
1926 2598
1926 2608
1926 2610
1926 2612
1926 2617
1926 2642
1926 2649
1927 1928
1927 1931
1927 1935
1927 1951
1927 1954
1927 1957
1927 1958
1927 1972
1927 1973
1927 1980
1927 1991
1927 1995
1927 1999
1927 2000
1927 2001
1927 2004
1927 2006
1927 2011
1927 2018
1927 2022
1927 2024
1927 2027
1927 2061
1927 2097
1927 2157
1927 2159
1927 2171
1927 2192
1927 2202
1927 2225
1927 2284
1927 2297
1927 2337
1927 2346
1927 2364
1927 2365
1927 2378
1927 2435
1927 2447
1927 2459
1927 2538
1927 2583
1927 2585
1927 2620
1927 2627
1927 2640
1927 2647
1927 2648
1927 2657
1927 2658
1927 2659
1927 2660
1928 1951
1928 1972
1928 1973
1928 1976
1928 1995
1928 1998
1928 2009
1928 2013
1928 2018
1928 2027
1928 2157
1928 2171
1928 2268
1928 2284
1928 2378
1928 2417
1928 2447
1928 2459
1928 2538
1928 2620
1928 2640
1929 1938
1929 1943
1929 1946
1929 1962
1929 1963
1929 1966
1929 1971
1929 1979
1929 1983
1929 1984
1929 1985
1929 1993
1929 2005
1929 2020
1929 2030
1929 2033
1929 2037
1929 2040
1929 2043
1929 2045
1929 2046
1929 2059
1929 2064
1929 2073
1929 2077
1929 2078
1929 2083
1929 2086
1929 2088
1929 2090
1929 2093
1929 2095
1929 2103
1929 2104
1929 2108
1929 2109
1929 2112
1929 2115
1929 2118
1929 2121
1929 2122
1929 2123
1929 2124
1929 2131
1929 2139
1929 2140
1929 2142
1929 2150
1929 2154
1929 2164
1929 2172
1929 2184
1929 2188
1929 2190
1929 2200
1929 2201
1929 2206
1929 2218
1929 2220
1929 2229
1929 2233
1929 2240
1929 2244
1929 2253
1929 2257
1929 2258
1929 2266
1929 2271
1929 2275
1929 2278
1929 2287
1929 2290
1929 2306
1929 2308
1929 2309
1929 2323
1929 2324
1929 2326
1929 2329
1929 2331
1929 2339
1929 2340
1929 2347
1929 2352
1929 2354
1929 2356
1929 2359
1929 2369
1929 2370
1929 2374
1929 2376
1929 2381
1929 2392
1929 2395
1929 2408
1929 2409
1929 2410
1929 2414
1929 2418
1929 2423
1929 2428
1929 2430
1929 2433
1929 2446
1929 2462
1929 2464
1929 2467
1929 2468
1929 2482
1929 2484
1929 2485
1929 2492
1929 2500
1929 2504
1929 2507
1929 2520
1929 2536
1929 2542
1929 2549
1929 2551
1929 2552
1929 2553
1929 2556
1929 2559
1929 2560
1929 2561
1929 2564
1929 2573
1929 2574
1929 2578
1929 2586
1929 2590
1929 2591
1929 2593
1929 2601
1929 2602
1929 2604
1929 2607
1929 2615
1929 2619
1929 2624
1929 2625
1929 2630
1929 2638
1929 2646
1929 2654
1929 2655
1930 1975
1930 2035
1930 2047
1930 2049
1930 2117
1930 2129
1930 2260
1930 2286
1930 2313
1930 2335
1930 2397
1930 2411
1931 1935
1931 1954
1931 1957
1931 1968
1931 1972
1931 1973
1931 1976
1931 1980
1931 1991
1931 1995
1931 1998
1931 2001
1931 2004
1931 2006
1931 2009
1931 2011
1931 2016
1931 2022
1931 2024
1931 2025
1931 2061
1931 2116
1931 2143
1931 2159
1931 2192
1931 2202
1931 2225
1931 2364
1931 2620
1931 2626
1931 2627
1931 2633
1931 2657
1931 2658
1931 2659
1932 1941
1932 1945
1932 1947
1932 1948
1932 1994
1932 2002
1932 2007
1932 2010
1932 2028
1932 2032
1932 2039
1932 2042
1932 2047
1932 2052
1932 2068
1932 2071
1932 2072
1932 2081
1932 2087
1932 2111
1932 2117
1932 2125
1932 2127
1932 2134
1932 2135
1932 2138
1932 2144
1932 2148
1932 2149
1932 2151
1932 2153
1932 2180
1932 2183
1932 2187
1932 2189
1932 2191
1932 2194
1932 2196
1932 2199
1932 2223
1932 2224
1932 2241
1932 2246
1932 2247
1932 2264
1932 2279
1932 2282
1932 2283
1932 2289
1932 2292
1932 2302
1932 2315
1932 2332
1932 2333
1932 2336
1932 2338
1932 2347
1932 2351
1932 2368
1932 2372
1932 2384
1932 2398
1932 2420
1932 2445
1932 2461
1932 2463
1932 2465
1932 2471
1932 2475
1932 2508
1932 2510
1932 2511
1932 2512
1932 2516
1932 2533
1932 2543
1932 2555
1932 2567
1932 2582
1932 2589
1932 2592
1932 2597
1932 2598
1932 2609
1932 2629
1932 2643
1932 2649
1932 2653
1933 2120
1933 2126
1933 2129
1933 2160
1933 2317
1933 2360
1933 2488
1933 2497
1933 2577
1933 2587
1934 1936
1934 2091
1934 2145
1934 2313
1934 2341
1934 2361
1934 2373
1934 2388
1934 2440
1934 2523
1934 2540
1935 1951
1935 1954
1935 1957
1935 1958
1935 1972
1935 1973
1935 1980
1935 1991
1935 1995
1935 1999
1935 2000
1935 2001
1935 2004
1935 2006
1935 2011
1935 2022
1935 2025
1935 2061
1935 2097
1935 2159
1935 2171
1935 2192
1935 2202
1935 2225
1935 2284
1935 2297
1935 2346
1935 2364
1935 2365
1935 2389
1935 2494
1935 2538
1935 2583
1935 2585
1935 2620
1935 2627
1935 2633
1935 2636
1935 2640
1935 2647
1935 2657
1935 2658
1935 2659
1935 2660
1936 1975
1936 1978
1936 1990
1936 2023
1936 2035
1936 2047
1936 2049
1936 2173
1936 2193
1936 2248
1936 2286
1936 2314
1936 2335
1936 2388
1936 2403
1936 2497
1936 2503
1936 2534
1936 2562
1936 2644
1937 2015
1937 2357
1937 2412
1938 1941
1938 1943
1938 1946
1938 1953
1938 1962
1938 1966
1938 1971
1938 1979
1938 1983
1938 1984
1938 1985
1938 1989
1938 1993
1938 1997
1938 2005
1938 2020
1938 2030
1938 2033
1938 2037
1938 2040
1938 2043
1938 2045
1938 2046
1938 2056
1938 2059
1938 2060
1938 2063
1938 2064
1938 2069
1938 2073
1938 2074
1938 2077
1938 2078
1938 2083
1938 2084
1938 2088
1938 2090
1938 2093
1938 2095
1938 2098
1938 2103
1938 2104
1938 2108
1938 2109
1938 2112
1938 2115
1938 2118
1938 2121
1938 2122
1938 2123
1938 2124
1938 2131
1938 2136
1938 2139
1938 2140
1938 2142
1938 2150
1938 2154
1938 2165
1938 2172
1938 2179
1938 2184
1938 2188
1938 2190
1938 2200
1938 2201
1938 2206
1938 2210
1938 2212
1938 2216
1938 2218
1938 2220
1938 2229
1938 2233
1938 2237
1938 2240
1938 2244
1938 2253
1938 2257
1938 2266
1938 2271
1938 2275
1938 2276
1938 2278
1938 2290
1938 2299
1938 2306
1938 2307
1938 2308
1938 2309
1938 2323
1938 2324
1938 2326
1938 2329
1938 2331
1938 2334
1938 2339
1938 2340
1938 2347
1938 2348
1938 2352
1938 2354
1938 2356
1938 2359
1938 2363
1938 2369
1938 2370
1938 2374
1938 2376
1938 2381
1938 2386
1938 2392
1938 2395
1938 2404
1938 2408
1938 2409
1938 2410
1938 2414
1938 2418
1938 2428
1938 2429
1938 2430
1938 2433
1938 2446
1938 2449
1938 2460
1938 2462
1938 2464
1938 2467
1938 2468
1938 2469
1938 2476
1938 2478
1938 2482
1938 2484
1938 2489
1938 2492
1938 2495
1938 2500
1938 2507
1938 2520
1938 2521
1938 2526
1938 2532
1938 2536
1938 2539
1938 2542
1938 2543
1938 2549
1938 2550
1938 2551
1938 2552
1938 2553
1938 2554
1938 2556
1938 2559
1938 2560
1938 2561
1938 2563
1938 2564
1938 2573
1938 2574
1938 2575
1938 2578
1938 2579
1938 2586
1938 2590
1938 2591
1938 2593
1938 2600
1938 2601
1938 2602
1938 2604
1938 2607
1938 2611
1938 2615
1938 2619
1938 2623
1938 2624
1938 2625
1938 2630
1938 2638
1938 2646
1938 2654
1938 2655
1939 1945
1939 1947
1939 1948
1939 1981
1939 2003
1939 2032
1939 2052
1939 2053
1939 2054
1939 2062
1939 2068
1939 2072
1939 2075
1939 2081
1939 2096
1939 2101
1939 2110
1939 2111
1939 2125
1939 2132
1939 2161
1939 2180
1939 2183
1939 2199
1939 2222
1939 2235
1939 2241
1939 2243
1939 2246
1939 2247
1939 2264
1939 2273
1939 2274
1939 2280
1939 2282
1939 2283
1939 2292
1939 2294
1939 2304
1939 2319
1939 2327
1939 2328
1939 2332
1939 2333
1939 2344
1939 2368
1939 2377
1939 2384
1939 2390
1939 2394
1939 2396
1939 2399
1939 2415
1939 2432
1939 2434
1939 2438
1939 2451
1939 2458
1939 2471
1939 2475
1939 2479
1939 2501
1939 2509
1939 2511
1939 2518
1939 2537
1939 2543
1939 2582
1939 2598
1939 2603
1939 2608
1939 2617
1939 2642
1939 2643
1939 2652
1940 1945
1940 1948
1940 1954
1940 1994
1940 2007
1940 2010
1940 2026
1940 2028
1940 2032
1940 2039
1940 2042
1940 2052
1940 2054
1940 2068
1940 2071
1940 2081
1940 2087
1940 2102
1940 2117
1940 2125
1940 2127
1940 2133
1940 2135
1940 2138
1940 2143
1940 2148
1940 2149
1940 2151
1940 2153
1940 2163
1940 2169
1940 2174
1940 2176
1940 2180
1940 2187
1940 2191
1940 2194
1940 2196
1940 2199
1940 2203
1940 2224
1940 2233
1940 2241
1940 2246
1940 2247
1940 2250
1940 2264
1940 2289
1940 2292
1940 2294
1940 2295
1940 2302
1940 2315
1940 2319
1940 2327
1940 2328
1940 2330
1940 2333
1940 2336
1940 2338
1940 2343
1940 2344
1940 2347
1940 2351
1940 2384
1940 2417
1940 2419
1940 2436
1940 2461
1940 2463
1940 2471
1940 2472
1940 2475
1940 2491
1940 2498
1940 2502
1940 2509
1940 2516
1940 2533
1940 2555
1940 2582
1940 2588
1940 2589
1940 2597
1940 2598
1940 2616
1940 2643
1940 2649
1941 1945
1941 1946
1941 1947
1941 1948
1941 1955
1941 1959
1941 1964
1941 1971
1941 1979
1941 1985
1941 1993
1941 1994
1941 2002
1941 2005
1941 2007
1941 2021
1941 2026
1941 2028
1941 2030
1941 2032
1941 2033
1941 2039
1941 2040
1941 2042
1941 2043
1941 2046
1941 2047
1941 2052
1941 2053
1941 2054
1941 2057
1941 2058
1941 2059
1941 2063
1941 2064
1941 2065
1941 2068
1941 2071
1941 2072
1941 2078
1941 2081
1941 2087
1941 2088
1941 2090
1941 2093
1941 2095
1941 2099
1941 2101
1941 2102
1941 2103
1941 2104
1941 2108
1941 2111
1941 2117
1941 2121
1941 2123
1941 2125
1941 2127
1941 2128
1941 2131
1941 2137
1941 2138
1941 2142
1941 2144
1941 2148
1941 2150
1941 2153
1941 2165
1941 2169
1941 2180
1941 2183
1941 2184
1941 2187
1941 2188
1941 2191
1941 2194
1941 2196
1941 2199
1941 2206
1941 2208
1941 2215
1941 2223
1941 2224
1941 2229
1941 2233
1941 2239
1941 2240
1941 2244
1941 2246
1941 2247
1941 2253
1941 2257
1941 2264
1941 2266
1941 2271
1941 2275
1941 2276
1941 2279
1941 2280
1941 2282
1941 2283
1941 2285
1941 2292
1941 2293
1941 2300
1941 2302
1941 2306
1941 2308
1941 2309
1941 2315
1941 2319
1941 2323
1941 2324
1941 2327
1941 2328
1941 2332
1941 2333
1941 2334
1941 2336
1941 2338
1941 2340
1941 2347
1941 2348
1941 2351
1941 2354
1941 2355
1941 2363
1941 2367
1941 2369
1941 2370
1941 2379
1941 2381
1941 2384
1941 2385
1941 2395
1941 2398
1941 2408
1941 2410
1941 2420
1941 2423
1941 2428
1941 2429
1941 2430
1941 2436
1941 2451
1941 2458
1941 2460
1941 2461
1941 2462
1941 2464
1941 2465
1941 2468
1941 2472
1941 2475
1941 2478
1941 2482
1941 2489
1941 2491
1941 2492
1941 2495
1941 2507
1941 2508
1941 2509
1941 2510
1941 2511
1941 2516
1941 2518
1941 2521
1941 2526
1941 2530
1941 2533
1941 2539
1941 2542
1941 2543
1941 2547
1941 2550
1941 2551
1941 2555
1941 2556
1941 2559
1941 2560
1941 2561
1941 2563
1941 2564
1941 2567
1941 2571
1941 2573
1941 2575
1941 2578
1941 2586
1941 2590
1941 2592
1941 2593
1941 2594
1941 2597
1941 2598
1941 2600
1941 2601
1941 2602
1941 2604
1941 2607
1941 2608
1941 2609
1941 2611
1941 2615
1941 2616
1941 2617
1941 2619
1941 2623
1941 2625
1941 2629
1941 2630
1941 2642
1941 2643
1941 2649
1942 1966
1942 1983
1942 1984
1942 2007
1942 2019
1942 2037
1942 2044
1942 2058
1942 2067
1942 2078
1942 2084
1942 2088
1942 2092
1942 2142
1942 2164
1942 2201
1942 2206
1942 2218
1942 2234
1942 2266
1942 2303
1942 2353
1942 2387
1942 2393
1942 2429
1942 2443
1942 2449
1942 2476
1942 2478
1942 2499
1942 2526
1942 2552
1942 2556
1942 2564
1942 2584
1942 2611
1942 2631
1943 1946
1943 1953
1943 1962
1943 1963
1943 1966
1943 1971
1943 1979
1943 1983
1943 1984
1943 1985
1943 1986
1943 1993
1943 1997
1943 2005
1943 2020
1943 2030
1943 2033
1943 2037
1943 2040
1943 2043
1943 2045
1943 2046
1943 2055
1943 2058
1943 2059
1943 2060
1943 2063
1943 2064
1943 2069
1943 2073
1943 2074
1943 2077
1943 2078
1943 2083
1943 2084
1943 2088
1943 2090
1943 2092
1943 2093
1943 2095
1943 2098
1943 2103
1943 2104
1943 2108
1943 2109
1943 2112
1943 2115
1943 2118
1943 2121
1943 2122
1943 2123
1943 2124
1943 2131
1943 2136
1943 2139
1943 2140
1943 2142
1943 2147
1943 2150
1943 2154
1943 2165
1943 2172
1943 2179
1943 2184
1943 2188
1943 2190
1943 2200
1943 2201
1943 2206
1943 2212
1943 2213
1943 2216
1943 2218
1943 2220
1943 2229
1943 2233
1943 2237
1943 2240
1943 2244
1943 2253
1943 2257
1943 2266
1943 2271
1943 2275
1943 2276
1943 2278
1943 2290
1943 2300
1943 2303
1943 2306
1943 2307
1943 2308
1943 2309
1943 2323
1943 2324
1943 2326
1943 2329
1943 2331
1943 2334
1943 2339
1943 2340
1943 2347
1943 2348
1943 2350
1943 2352
1943 2353
1943 2354
1943 2356
1943 2359
1943 2363
1943 2369
1943 2370
1943 2374
1943 2376
1943 2381
1943 2386
1943 2391
1943 2392
1943 2395
1943 2404
1943 2408
1943 2409
1943 2410
1943 2414
1943 2423
1943 2428
1943 2430
1943 2433
1943 2446
1943 2460
1943 2462
1943 2464
1943 2467
1943 2469
1943 2477
1943 2478
1943 2482
1943 2484
1943 2485
1943 2489
1943 2492
1943 2495
1943 2500
1943 2504
1943 2506
1943 2507
1943 2520
1943 2521
1943 2526
1943 2542
1943 2543
1943 2546
1943 2549
1943 2550
1943 2551
1943 2552
1943 2553
1943 2556
1943 2559
1943 2560
1943 2561
1943 2564
1943 2573
1943 2575
1943 2576
1943 2578
1943 2579
1943 2586
1943 2590
1943 2593
1943 2600
1943 2601
1943 2602
1943 2604
1943 2606
1943 2607
1943 2611
1943 2615
1943 2619
1943 2624
1943 2625
1943 2630
1943 2631
1943 2638
1943 2646
1943 2654
1943 2655
1944 1964
1944 2029
1944 2031
1944 2038
1944 2047
1944 2117
1944 2133
1944 2141
1944 2176
1944 2182
1944 2209
1944 2211
1944 2242
1944 2270
1944 2272
1944 2289
1944 2298
1944 2318
1944 2325
1944 2362
1944 2416
1944 2452
1944 2480
1944 2525
1944 2540
1944 2610
1944 2642
1945 1947
1945 1948
1945 1954
1945 1955
1945 1959
1945 1994
1945 2002
1945 2007
1945 2010
1945 2028
1945 2032
1945 2038
1945 2039
1945 2047
1945 2052
1945 2054
1945 2068
1945 2071
1945 2072
1945 2081
1945 2087
1945 2101
1945 2102
1945 2111
1945 2117
1945 2125
1945 2127
1945 2133
1945 2135
1945 2138
1945 2143
1945 2144
1945 2148
1945 2149
1945 2151
1945 2153
1945 2161
1945 2169
1945 2174
1945 2176
1945 2183
1945 2187
1945 2189
1945 2191
1945 2194
1945 2196
1945 2199
1945 2203
1945 2223
1945 2224
1945 2232
1945 2241
1945 2246
1945 2247
1945 2250
1945 2254
1945 2259
1945 2268
1945 2273
1945 2280
1945 2282
1945 2283
1945 2289
1945 2292
1945 2294
1945 2302
1945 2304
1945 2315
1945 2319
1945 2327
1945 2328
1945 2330
1945 2332
1945 2333
1945 2336
1945 2338
1945 2343
1945 2344
1945 2345
1945 2347
1945 2351
1945 2367
1945 2377
1945 2379
1945 2384
1945 2394
1945 2398
1945 2399
1945 2417
1945 2419
1945 2420
1945 2434
1945 2436
1945 2445
1945 2451
1945 2458
1945 2461
1945 2463
1945 2465
1945 2471
1945 2472
1945 2473
1945 2475
1945 2491
1945 2498
1945 2508
1945 2509
1945 2510
1945 2511
1945 2512
1945 2516
1945 2518
1945 2533
1945 2537
1945 2543
1945 2555
1945 2567
1945 2571
1945 2582
1945 2588
1945 2589
1945 2592
1945 2594
1945 2597
1945 2598
1945 2608
1945 2616
1945 2617
1945 2629
1945 2635
1945 2642
1945 2643
1945 2649
1946 1953
1946 1962
1946 1966
1946 1971
1946 1979
1946 1983
1946 1984
1946 1985
1946 1986
1946 1989
1946 1993
1946 1997
1946 2005
1946 2020
1946 2030
1946 2033
1946 2037
1946 2040
1946 2043
1946 2045
1946 2046
1946 2058
1946 2059
1946 2060
1946 2063
1946 2064
1946 2069
1946 2073
1946 2074
1946 2077
1946 2078
1946 2083
1946 2084
1946 2086
1946 2088
1946 2090
1946 2093
1946 2095
1946 2098
1946 2103
1946 2104
1946 2108
1946 2109
1946 2112
1946 2115
1946 2118
1946 2121
1946 2122
1946 2123
1946 2124
1946 2131
1946 2136
1946 2139
1946 2140
1946 2142
1946 2150
1946 2154
1946 2164
1946 2165
1946 2172
1946 2179
1946 2184
1946 2188
1946 2200
1946 2201
1946 2206
1946 2210
1946 2212
1946 2213
1946 2216
1946 2218
1946 2220
1946 2229
1946 2233
1946 2237
1946 2240
1946 2244
1946 2253
1946 2257
1946 2258
1946 2261
1946 2266
1946 2271
1946 2275
1946 2276
1946 2278
1946 2290
1946 2299
1946 2306
1946 2307
1946 2308
1946 2309
1946 2311
1946 2323
1946 2324
1946 2326
1946 2331
1946 2334
1946 2339
1946 2340
1946 2347
1946 2348
1946 2352
1946 2353
1946 2354
1946 2356
1946 2359
1946 2363
1946 2369
1946 2370
1946 2374
1946 2376
1946 2381
1946 2386
1946 2387
1946 2392
1946 2395
1946 2404
1946 2408
1946 2409
1946 2410
1946 2414
1946 2418
1946 2428
1946 2430
1946 2433
1946 2446
1946 2460
1946 2462
1946 2464
1946 2467
1946 2468
1946 2469
1946 2477
1946 2482
1946 2484
1946 2485
1946 2489
1946 2492
1946 2499
1946 2500
1946 2504
1946 2506
1946 2507
1946 2520
1946 2521
1946 2526
1946 2539
1946 2542
1946 2543
1946 2546
1946 2549
1946 2550
1946 2551
1946 2552
1946 2554
1946 2559
1946 2560
1946 2561
1946 2563
1946 2564
1946 2573
1946 2575
1946 2578
1946 2586
1946 2590
1946 2593
1946 2601
1946 2602
1946 2604
1946 2606
1946 2607
1946 2611
1946 2615
1946 2619
1946 2623
1946 2624
1946 2625
1946 2630
1946 2631
1946 2638
1946 2654
1946 2655
1947 1948
1947 1954
1947 1955
1947 1959
1947 1970
1947 1981
1947 2002
1947 2003
1947 2007
1947 2010
1947 2028
1947 2032
1947 2052
1947 2053
1947 2054
1947 2062
1947 2068
1947 2072
1947 2075
1947 2081
1947 2087
1947 2101
1947 2102
1947 2110
1947 2111
1947 2117
1947 2128
1947 2132
1947 2133
1947 2149
