2045 2446
2045 2460
2045 2462
2045 2464
2045 2468
2045 2469
2045 2477
2045 2482
2045 2489
2045 2500
2045 2504
2045 2506
2045 2507
2045 2520
2045 2521
2045 2526
2045 2539
2045 2542
2045 2543
2045 2546
2045 2549
2045 2550
2045 2551
2045 2553
2045 2556
2045 2559
2045 2560
2045 2561
2045 2563
2045 2564
2045 2573
2045 2575
2045 2578
2045 2579
2045 2586
2045 2590
2045 2591
2045 2593
2045 2600
2045 2601
2045 2602
2045 2604
2045 2606
2045 2607
2045 2611
2045 2615
2045 2619
2045 2623
2045 2624
2045 2625
2045 2631
2045 2638
2045 2646
2045 2655
2046 2059
2046 2060
2046 2064
2046 2073
2046 2074
2046 2078
2046 2083
2046 2084
2046 2088
2046 2090
2046 2093
2046 2095
2046 2098
2046 2104
2046 2108
2046 2109
2046 2118
2046 2123
2046 2124
2046 2131
2046 2140
2046 2142
2046 2150
2046 2172
2046 2184
2046 2188
2046 2190
2046 2200
2046 2206
2046 2210
2046 2212
2046 2218
2046 2220
2046 2229
2046 2233
2046 2240
2046 2244
2046 2266
2046 2271
2046 2275
2046 2276
2046 2309
2046 2323
2046 2324
2046 2326
2046 2331
2046 2334
2046 2339
2046 2340
2046 2347
2046 2354
2046 2356
2046 2363
2046 2369
2046 2376
2046 2395
2046 2404
2046 2408
2046 2409
2046 2410
2046 2414
2046 2423
2046 2446
2046 2460
2046 2464
2046 2468
2046 2482
2046 2492
2046 2495
2046 2500
2046 2506
2046 2507
2046 2532
2046 2542
2046 2543
2046 2551
2046 2552
2046 2553
2046 2559
2046 2560
2046 2563
2046 2573
2046 2578
2046 2579
2046 2586
2046 2590
2046 2591
2046 2593
2046 2600
2046 2602
2046 2604
2046 2607
2046 2611
2046 2615
2046 2619
2046 2624
2046 2625
2046 2630
2046 2631
2046 2655
2047 2049
2047 2052
2047 2053
2047 2057
2047 2065
2047 2066
2047 2068
2047 2071
2047 2072
2047 2080
2047 2081
2047 2085
2047 2087
2047 2102
2047 2107
2047 2111
2047 2125
2047 2126
2047 2127
2047 2128
2047 2133
2047 2134
2047 2135
2047 2137
2047 2138
2047 2141
2047 2144
2047 2145
2047 2148
2047 2149
2047 2153
2047 2169
2047 2173
2047 2174
2047 2175
2047 2176
2047 2180
2047 2183
2047 2185
2047 2186
2047 2187
2047 2189
2047 2191
2047 2193
2047 2194
2047 2196
2047 2199
2047 2203
2047 2205
2047 2208
2047 2209
2047 2211
2047 2214
2047 2215
2047 2223
2047 2224
2047 2226
2047 2231
2047 2232
2047 2239
2047 2241
2047 2242
2047 2246
2047 2247
2047 2248
2047 2250
2047 2254
2047 2259
2047 2267
2047 2268
2047 2272
2047 2273
2047 2277
2047 2279
2047 2282
2047 2283
2047 2286
2047 2289
2047 2292
2047 2293
2047 2296
2047 2302
2047 2305
2047 2310
2047 2313
2047 2314
2047 2315
2047 2318
2047 2319
2047 2322
2047 2325
2047 2327
2047 2328
2047 2332
2047 2333
2047 2335
2047 2336
2047 2338
2047 2344
2047 2345
2047 2347
2047 2351
2047 2361
2047 2366
2047 2367
2047 2371
2047 2372
2047 2379
2047 2384
2047 2385
2047 2397
2047 2398
2047 2403
2047 2406
2047 2411
2047 2416
2047 2417
2047 2419
2047 2420
2047 2425
2047 2436
2047 2445
2047 2453
2047 2458
2047 2461
2047 2465
2047 2468
2047 2471
2047 2472
2047 2473
2047 2474
2047 2475
2047 2491
2047 2497
2047 2498
2047 2503
2047 2508
2047 2509
2047 2510
2047 2511
2047 2512
2047 2516
2047 2525
2047 2530
2047 2533
2047 2534
2047 2543
2047 2555
2047 2557
2047 2566
2047 2567
2047 2572
2047 2580
2047 2581
2047 2582
2047 2588
2047 2589
2047 2592
2047 2594
2047 2597
2047 2598
2047 2608
2047 2609
2047 2610
2047 2612
2047 2616
2047 2629
2047 2637
2047 2641
2047 2642
2047 2643
2047 2644
2047 2649
2047 2653
2048 2085
2048 2128
2048 2132
2048 2150
2048 2155
2048 2211
2048 2226
2048 2233
2048 2287
2048 2289
2048 2292
2048 2296
2048 2425
2048 2498
2048 2544
2048 2581
2049 2082
2049 2089
2049 2158
2049 2173
2049 2231
2049 2248
2049 2286
2049 2313
2049 2314
2049 2317
2049 2335
2049 2371
2049 2397
2049 2403
2049 2411
2049 2440
2049 2448
2049 2474
2049 2488
2049 2497
2049 2503
2049 2523
2049 2534
2049 2562
2049 2570
2049 2612
2049 2628
2049 2644
2050 2157
2050 2171
2050 2297
2050 2337
2050 2365
2050 2378
2050 2435
2050 2447
2050 2494
2050 2538
2050 2640
2050 2645
2050 2647
2051 2113
2051 2126
2051 2313
2051 2342
2051 2450
2051 2558
2051 2614
2051 2632
2052 2053
2052 2054
2052 2068
2052 2071
2052 2072
2052 2081
2052 2087
2052 2099
2052 2102
2052 2111
2052 2117
2052 2125
2052 2128
2052 2132
2052 2133
2052 2138
2052 2143
2052 2148
2052 2149
2052 2151
2052 2153
2052 2169
2052 2174
2052 2176
2052 2183
2052 2187
2052 2194
2052 2196
2052 2199
2052 2203
2052 2224
2052 2241
2052 2246
2052 2247
2052 2250
2052 2273
2052 2279
2052 2282
2052 2283
2052 2289
2052 2292
2052 2294
2052 2302
2052 2304
2052 2319
2052 2328
2052 2332
2052 2333
2052 2336
2052 2338
2052 2343
2052 2344
2052 2347
2052 2351
2052 2368
2052 2372
2052 2377
2052 2384
2052 2399
2052 2420
2052 2458
2052 2461
2052 2463
2052 2471
2052 2475
2052 2491
2052 2498
2052 2509
2052 2510
2052 2511
2052 2516
2052 2537
2052 2543
2052 2555
2052 2582
2052 2588
2052 2592
2052 2594
2052 2598
2052 2603
2052 2616
2052 2629
2052 2642
2052 2643
2052 2649
2053 2054
2053 2057
2053 2068
2053 2071
2053 2072
2053 2075
2053 2081
2053 2087
2053 2101
2053 2111
2053 2117
2053 2125
2053 2132
2053 2134
2053 2135
2053 2138
2053 2153
2053 2161
2053 2180
2053 2183
2053 2187
2053 2191
2053 2194
2053 2196
2053 2199
2053 2203
2053 2215
2053 2223
2053 2224
2053 2226
2053 2235
2053 2239
2053 2243
2053 2247
2053 2254
2053 2264
2053 2273
2053 2279
2053 2280
2053 2282
2053 2283
2053 2285
2053 2289
2053 2292
2053 2294
2053 2302
2053 2315
2053 2327
2053 2328
2053 2332
2053 2333
2053 2336
2053 2338
2053 2344
2053 2347
2053 2351
2053 2372
2053 2377
2053 2384
2053 2385
2053 2390
2053 2394
2053 2396
2053 2398
2053 2399
2053 2420
2053 2436
2053 2438
2053 2451
2053 2458
2053 2461
2053 2463
2053 2472
2053 2479
2053 2491
2053 2496
2053 2501
2053 2508
2053 2509
2053 2510
2053 2511
2053 2533
2053 2537
2053 2543
2053 2547
2053 2555
2053 2567
2053 2592
2053 2594
2053 2597
2053 2598
2053 2608
2053 2609
2053 2617
2053 2629
2053 2643
2053 2652
2054 2062
2054 2068
2054 2071
2054 2072
2054 2075
2054 2081
2054 2087
2054 2096
2054 2101
2054 2102
2054 2110
2054 2111
2054 2117
2054 2125
2054 2127
2054 2128
2054 2132
2054 2133
2054 2134
2054 2135
2054 2138
2054 2143
2054 2144
2054 2148
2054 2149
2054 2151
2054 2153
2054 2161
2054 2163
2054 2169
2054 2174
2054 2176
2054 2180
2054 2183
2054 2187
2054 2189
2054 2191
2054 2194
2054 2196
2054 2199
2054 2203
2054 2221
2054 2222
2054 2223
2054 2224
2054 2235
2054 2241
2054 2243
2054 2246
2054 2247
2054 2249
2054 2250
2054 2267
2054 2273
2054 2274
2054 2279
2054 2280
2054 2282
2054 2283
2054 2289
2054 2292
2054 2293
2054 2294
2054 2302
2054 2315
2054 2319
2054 2325
2054 2327
2054 2328
2054 2332
2054 2333
2054 2336
2054 2338
2054 2343
2054 2344
2054 2347
2054 2351
2054 2368
2054 2372
2054 2377
2054 2384
2054 2390
2054 2394
2054 2396
2054 2398
2054 2399
2054 2415
2054 2419
2054 2420
2054 2434
2054 2438
2054 2445
2054 2451
2054 2458
2054 2461
2054 2463
2054 2465
2054 2475
2054 2479
2054 2491
2054 2498
2054 2501
2054 2508
2054 2509
2054 2510
2054 2511
2054 2512
2054 2516
2054 2518
2054 2519
2054 2537
2054 2543
2054 2555
2054 2567
2054 2568
2054 2582
2054 2588
2054 2589
2054 2592
2054 2594
2054 2597
2054 2598
2054 2603
2054 2608
2054 2609
2054 2616
2054 2617
2054 2629
2054 2642
2054 2643
2054 2649
2054 2652
2054 2653
2055 2056
2055 2059
2055 2060
2055 2077
2055 2078
2055 2083
2055 2115
2055 2142
2055 2150
2055 2188
2055 2200
2055 2201
2055 2206
2055 2216
2055 2218
2055 2229
2055 2240
2055 2257
2055 2266
2055 2271
2055 2278
2055 2300
2055 2302
2055 2307
2055 2323
2055 2324
2055 2329
2055 2331
2055 2339
2055 2347
2055 2356
2055 2369
2055 2370
2055 2376
2055 2404
2055 2410
2055 2414
2055 2446
2055 2469
2055 2477
2055 2499
2055 2506
2055 2526
2055 2539
2055 2542
2055 2543
2055 2550
2055 2559
2055 2560
2055 2575
2055 2590
2055 2593
2055 2600
2055 2604
2055 2611
2055 2615
2055 2619
2056 2059
2056 2064
2056 2067
2056 2074
2056 2078
2056 2084
2056 2086
2056 2090
2056 2092
2056 2095
2056 2098
2056 2103
2056 2118
2056 2124
2056 2140
2056 2142
2056 2147
2056 2150
2056 2184
2056 2188
2056 2189
2056 2200
2056 2206
2056 2212
2056 2216
2056 2218
2056 2220
2056 2229
2056 2233
2056 2234
2056 2257
2056 2262
2056 2266
2056 2271
2056 2275
2056 2278
2056 2287
2056 2290
2056 2299
2056 2300
2056 2303
2056 2309
2056 2311
2056 2323
2056 2326
2056 2331
2056 2334
2056 2339
2056 2350
2056 2352
2056 2356
2056 2359
2056 2363
2056 2369
2056 2376
2056 2387
2056 2391
2056 2393
2056 2395
2056 2404
2056 2408
2056 2410
2056 2414
2056 2428
2056 2464
2056 2468
2056 2476
2056 2477
2056 2478
2056 2482
2056 2485
2056 2499
2056 2504
2056 2506
2056 2507
2056 2520
2056 2526
2056 2539
2056 2545
2056 2553
2056 2564
2056 2573
2056 2576
2056 2578
2056 2579
2056 2584
2056 2593
2056 2600
2056 2607
2056 2613
2056 2615
2056 2619
2056 2624
2056 2625
2056 2630
2056 2638
2056 2654
2056 2655
2057 2065
2057 2068
2057 2081
2057 2087
2057 2102
2057 2111
2057 2134
2057 2138
2057 2149
2057 2199
2057 2208
2057 2210
2057 2215
2057 2223
2057 2254
2057 2268
2057 2292
2057 2302
2057 2305
2057 2332
2057 2333
2057 2336
2057 2372
2057 2384
2057 2385
2057 2445
2057 2491
2057 2508
2057 2511
2057 2530
2057 2572
2057 2575
2057 2592
2057 2608
2058 2063
2058 2064
2058 2073
2058 2078
2058 2086
2058 2088
2058 2092
2058 2093
2058 2104
2058 2118
2058 2121
2058 2123
2058 2131
2058 2139
2058 2142
2058 2150
2058 2154
2058 2172
2058 2206
2058 2216
2058 2218
2058 2229
2058 2233
2058 2234
2058 2237
2058 2244
2058 2266
2058 2275
2058 2290
2058 2309
2058 2331
2058 2334
2058 2347
2058 2370
2058 2383
2058 2395
2058 2409
2058 2429
2058 2433
2058 2454
2058 2467
2058 2478
2058 2482
2058 2492
2058 2507
2058 2526
2058 2546
2058 2552
2058 2564
2058 2573
2058 2586
2058 2590
2058 2594
2058 2601
2058 2604
2058 2607
2058 2611
2058 2623
2058 2624
2058 2646
2058 2654
2059 2060
2059 2063
2059 2064
2059 2069
2059 2073
2059 2074
2059 2077
2059 2078
2059 2083
2059 2084
2059 2086
2059 2088
2059 2090
2059 2093
2059 2095
2059 2098
2059 2103
2059 2104
2059 2108
2059 2109
2059 2112
2059 2115
2059 2118
2059 2121
2059 2122
2059 2123
2059 2124
2059 2131
2059 2139
2059 2140
2059 2142
2059 2150
2059 2154
2059 2165
2059 2172
2059 2179
2059 2184
2059 2188
2059 2190
2059 2200
2059 2201
2059 2206
2059 2212
2059 2216
2059 2218
2059 2220
2059 2229
2059 2233
2059 2237
2059 2240
2059 2244
2059 2253
2059 2257
2059 2261
2059 2266
2059 2271
2059 2275
2059 2276
2059 2278
2059 2290
2059 2299
2059 2300
2059 2306
2059 2307
2059 2308
2059 2309
2059 2323
2059 2324
2059 2326
2059 2329
2059 2331
2059 2334
2059 2339
2059 2340
2059 2347
2059 2348
2059 2352
2059 2353
2059 2354
2059 2356
2059 2359
2059 2363
2059 2369
2059 2370
2059 2374
2059 2381
2059 2386
2059 2395
2059 2404
2059 2408
2059 2409
2059 2410
2059 2414
2059 2418
2059 2423
2059 2428
2059 2430
2059 2433
2059 2446
2059 2460
2059 2464
2059 2467
2059 2468
2059 2469
2059 2477
2059 2478
2059 2482
2059 2484
2059 2485
2059 2489
2059 2492
2059 2495
2059 2500
2059 2504
2059 2506
2059 2507
2059 2520
2059 2521
2059 2526
2059 2532
2059 2539
2059 2542
2059 2543
2059 2546
2059 2549
2059 2550
2059 2552
2059 2553
2059 2554
2059 2556
2059 2559
2059 2560
2059 2561
2059 2563
2059 2564
2059 2573
2059 2574
2059 2575
2059 2578
2059 2579
2059 2586
2059 2590
2059 2591
2059 2593
2059 2600
2059 2601
2059 2602
2059 2604
2059 2606
2059 2607
2059 2611
2059 2615
2059 2619
2059 2623
2059 2624
2059 2625
2059 2630
2059 2631
2059 2638
2059 2646
2059 2654
2059 2655
2060 2064
2060 2069
2060 2073
2060 2075
2060 2077
2060 2078
2060 2083
2060 2084
2060 2088
2060 2093
2060 2095
2060 2104
2060 2108
2060 2112
2060 2115
2060 2121
2060 2122
2060 2139
2060 2142
2060 2154
2060 2163
2060 2188
2060 2200
2060 2201
2060 2206
2060 2218
2060 2229
2060 2233
2060 2240
2060 2242
2060 2244
2060 2266
2060 2271
2060 2272
2060 2278
2060 2290
2060 2300
2060 2307
2060 2308
2060 2309
2060 2323
2060 2324
2060 2331
2060 2339
2060 2340
2060 2348
2060 2352
2060 2369
2060 2370
2060 2376
2060 2393
2060 2395
2060 2404
2060 2428
2060 2433
2060 2446
2060 2460
2060 2462
2060 2464
2060 2469
2060 2492
2060 2495
2060 2500
2060 2501
2060 2506
2060 2507
2060 2520
2060 2536
2060 2542
2060 2549
2060 2550
2060 2551
2060 2553
2060 2556
2060 2559
2060 2560
2060 2564
2060 2572
2060 2575
2060 2600
2060 2601
2060 2602
2060 2611
2060 2619
2060 2624
2060 2625
2060 2630
2061 2097
2061 2116
2061 2143
2061 2159
2061 2171
2061 2202
2061 2225
2061 2284
2061 2297
2061 2346
2061 2364
2061 2538
2061 2583
2061 2585
2061 2620
2061 2626
2061 2627
2061 2633
2061 2636
2061 2640
2061 2645
2061 2647
2061 2648
2061 2657
2061 2658
2061 2659
2061 2660
2062 2069
2062 2072
2062 2075
2062 2081
2062 2096
2062 2101
2062 2110
2062 2111
2062 2121
2062 2125
2062 2132
2062 2137
2062 2161
2062 2183
2062 2221
2062 2222
2062 2224
2062 2229
2062 2235
2062 2242
2062 2243
2062 2274
2062 2279
2062 2280
2062 2282
2062 2283
2062 2315
2062 2319
2062 2327
2062 2328
2062 2333
2062 2338
2062 2344
2062 2347
2062 2351
2062 2384
2062 2390
2062 2394
2062 2396
2062 2398
2062 2415
2062 2420
2062 2434
2062 2438
2062 2451
2062 2458
2062 2479
2062 2501
2062 2509
2062 2511
2062 2537
2062 2542
2062 2543
2062 2592
2062 2597
2062 2598
2062 2603
2062 2617
2062 2629
2062 2652
2063 2064
2063 2069
2063 2073
2063 2074
2063 2078
2063 2086
2063 2088
2063 2090
2063 2093
2063 2098
2063 2103
2063 2104
2063 2108
2063 2118
2063 2122
2063 2123
2063 2124
2063 2131
2063 2136
2063 2139
2063 2142
2063 2150
2063 2154
2063 2172
2063 2179
2063 2184
2063 2188
2063 2190
2063 2200
2063 2201
2063 2206
2063 2213
2063 2216
2063 2218
2063 2220
2063 2229
2063 2233
2063 2237
2063 2240
2063 2244
2063 2261
2063 2266
2063 2271
2063 2275
2063 2278
2063 2287
2063 2290
2063 2303
2063 2306
2063 2307
2063 2308
2063 2309
2063 2323
2063 2324
2063 2326
2063 2329
2063 2331
2063 2334
2063 2339
2063 2340
2063 2347
2063 2352
2063 2354
2063 2356
2063 2359
2063 2363
2063 2370
2063 2376
2063 2381
2063 2392
2063 2404
2063 2407
2063 2408
2063 2409
2063 2410
2063 2414
2063 2418
2063 2423
2063 2428
2063 2429
2063 2430
2063 2446
2063 2464
2063 2467
2063 2482
2063 2485
2063 2489
2063 2492
2063 2500
2063 2507
2063 2521
2063 2526
2063 2539
2063 2549
2063 2550
2063 2551
2063 2553
2063 2560
2063 2564
2063 2573
2063 2578
2063 2579
2063 2586
2063 2590
2063 2593
2063 2600
2063 2601
2063 2602
2063 2604
2063 2607
2063 2611
2063 2615
2063 2623
2063 2624
2063 2625
2063 2638
2063 2646
2063 2655
2064 2069
2064 2073
2064 2074
2064 2077
2064 2078
2064 2083
2064 2086
2064 2088
2064 2090
2064 2093
2064 2095
2064 2103
2064 2104
2064 2108
2064 2109
2064 2112
2064 2115
2064 2118
2064 2121
2064 2122
2064 2123
2064 2124
2064 2131
2064 2136
2064 2139
2064 2140
2064 2142
2064 2147
2064 2150
2064 2154
2064 2172
2064 2179
2064 2184
2064 2188
2064 2190
2064 2200
2064 2201
2064 2206
2064 2210
2064 2212
2064 2213
2064 2216
2064 2218
2064 2220
2064 2229
2064 2233
2064 2237
2064 2240
2064 2244
2064 2253
2064 2257
2064 2261
2064 2266
2064 2271
2064 2275
2064 2276
2064 2290
2064 2300
2064 2306
2064 2307
2064 2308
2064 2309
2064 2323
2064 2324
2064 2326
2064 2329
2064 2331
2064 2334
2064 2339
2064 2340
2064 2347
2064 2348
2064 2350
2064 2352
2064 2354
2064 2356
2064 2359
2064 2363
2064 2369
2064 2370
2064 2376
2064 2381
2064 2386
2064 2391
2064 2395
2064 2404
2064 2407
2064 2408
2064 2409
2064 2410
2064 2414
2064 2418
2064 2423
2064 2428
2064 2429
2064 2430
2064 2433
2064 2446
2064 2460
2064 2464
2064 2467
2064 2469
2064 2477
2064 2482
2064 2485
2064 2489
2064 2492
2064 2495
2064 2500
2064 2504
2064 2506
2064 2507
2064 2520
2064 2521
2064 2526
2064 2532
2064 2542
2064 2543
2064 2546
2064 2549
2064 2550
2064 2551
2064 2552
2064 2553
2064 2556
2064 2559
2064 2560
2064 2561
2064 2564
2064 2573
2064 2575
2064 2578
2064 2586
2064 2590
2064 2593
2064 2600
2064 2601
2064 2602
2064 2604
2064 2606
2064 2607
2064 2611
2064 2613
2064 2615
2064 2619
2064 2623
2064 2624
2064 2625
2064 2630
2064 2638
2064 2646
2064 2655
2065 2081
2065 2087
2065 2154
2065 2183
2065 2208
2065 2215
2065 2292
2065 2302
2065 2324
2065 2333
2065 2384
2065 2385
2065 2462
2065 2530
2065 2536
2065 2560
2065 2567
2065 2592
2065 2608
2066 2133
2066 2211
2066 2514
2066 2517
2066 2642
2067 2084
2067 2092
2067 2147
2067 2154
2067 2189
2067 2200
2067 2234
2067 2262
2067 2300
2067 2303
2067 2334
2067 2387
2067 2391
2067 2393
2067 2428
2067 2429
2067 2430
2067 2449
2067 2476
2067 2478
2067 2489
2067 2507
2067 2526
2067 2576
2067 2584
2067 2602
2067 2646
2068 2071
2068 2072
2068 2081
2068 2087
2068 2101
2068 2102
2068 2111
2068 2117
2068 2125
2068 2127
2068 2128
2068 2132
2068 2133
2068 2134
2068 2135
2068 2138
2068 2143
2068 2144
2068 2149
2068 2151
2068 2153
2068 2161
2068 2169
2068 2174
2068 2176
2068 2180
2068 2183
2068 2187
2068 2189
2068 2191
2068 2194
2068 2196
2068 2198
2068 2199
2068 2203
2068 2215
2068 2223
2068 2224
2068 2232
2068 2241
2068 2247
2068 2249
2068 2254
2068 2259
2068 2268
2068 2279
2068 2280
2068 2282
2068 2283
2068 2289
2068 2293
2068 2294
2068 2302
2068 2305
2068 2319
2068 2328
2068 2330
2068 2332
2068 2333
2068 2338
2068 2343
2068 2344
2068 2345
2068 2347
2068 2366
2068 2367
2068 2372
2068 2377
2068 2379
2068 2384
2068 2385
2068 2394
2068 2398
2068 2417
2068 2419
2068 2434
2068 2436
2068 2445
2068 2451
2068 2458
2068 2461
2068 2463
2068 2471
2068 2472
2068 2473
2068 2475
2068 2491
2068 2498
2068 2508
2068 2510
2068 2511
2068 2512
2068 2533
2068 2537
2068 2543
2068 2555
2068 2567
2068 2571
2068 2572
2068 2582
2068 2588
2068 2589
2068 2592
2068 2597
2068 2598
2068 2616
2068 2617
2068 2629
2068 2643
2068 2649
2068 2653
2069 2073
2069 2074
2069 2077
2069 2078
2069 2083
2069 2084
2069 2088
2069 2090
2069 2093
2069 2098
2069 2103
2069 2104
2069 2108
2069 2109
2069 2115
2069 2118
2069 2121
2069 2122
2069 2123
2069 2124
2069 2131
2069 2139
2069 2140
2069 2142
2069 2150
2069 2154
2069 2172
2069 2184
2069 2188
2069 2189
2069 2190
2069 2201
2069 2206
2069 2210
2069 2212
2069 2218
2069 2220
2069 2229
2069 2233
2069 2240
2069 2244
2069 2253
2069 2258
2069 2266
2069 2271
2069 2275
2069 2276
2069 2290
2069 2300
2069 2306
2069 2307
2069 2308
2069 2309
2069 2323
2069 2324
2069 2326
2069 2331
2069 2334
2069 2339
2069 2340
2069 2347
2069 2348
2069 2352
2069 2353
2069 2354
2069 2369
2069 2370
2069 2374
2069 2376
2069 2381
2069 2387
2069 2393
2069 2395
2069 2404
2069 2409
2069 2410
2069 2414
2069 2423
2069 2428
2069 2443
2069 2460
2069 2462
2069 2464
2069 2467
2069 2468
2069 2469
2069 2476
2069 2478
2069 2482
2069 2485
2069 2492
2069 2499
2069 2500
2069 2501
2069 2504
2069 2507
2069 2520
2069 2521
2069 2524
2069 2526
2069 2532
2069 2536
2069 2542
2069 2543
2069 2546
2069 2549
2069 2550
2069 2551
2069 2553
2069 2556
2069 2559
2069 2560
2069 2561
2069 2564
2069 2573
2069 2574
2069 2575
2069 2578
2069 2579
2069 2586
2069 2590
2069 2591
2069 2593
2069 2600
2069 2601
2069 2602
2069 2604
2069 2606
2069 2607
2069 2611
2069 2615
2069 2619
2069 2624
2069 2625
2069 2630
2069 2631
2069 2638
2069 2654
2069 2655
2070 2091
2070 2126
2070 2129
2070 2156
2070 2236
2070 2260
2070 2335
2070 2361
2070 2488
2070 2570
2070 2644
2071 2072
2071 2081
2071 2087
2071 2102
2071 2111
2071 2117
2071 2125
2071 2127
2071 2133
2071 2134
2071 2135
2071 2137
2071 2138
2071 2143
2071 2144
2071 2148
2071 2149
2071 2151
2071 2153
2071 2174
2071 2176
2071 2180
2071 2183
2071 2187
2071 2189
2071 2191
2071 2194
2071 2196
2071 2199
2071 2223
2071 2224
2071 2241
2071 2246
2071 2247
2071 2250
2071 2254
2071 2264
2071 2267
2071 2268
2071 2273
2071 2279
2071 2282
2071 2283
2071 2285
2071 2289
2071 2292
2071 2293
2071 2302
2071 2315
2071 2319
2071 2328
2071 2330
2071 2332
2071 2333
2071 2336
2071 2338
2071 2344
2071 2347
2071 2351
2071 2372
2071 2377
2071 2384
2071 2398
2071 2420
2071 2427
2071 2429
2071 2436
2071 2451
2071 2458
2071 2461
2071 2463
2071 2465
2071 2471
2071 2472
2071 2491
2071 2498
2071 2510
2071 2511
2071 2512
2071 2516
2071 2533
2071 2543
2071 2547
2071 2555
2071 2567
2071 2588
2071 2589
2071 2592
2071 2597
2071 2598
2071 2599
2071 2609
2071 2623
2071 2629
2071 2642
2071 2643
2071 2649
2071 2653
2072 2075
2072 2081
2072 2096
2072 2101
2072 2110
2072 2111
2072 2117
2072 2125
2072 2127
2072 2132
2072 2133
2072 2135
2072 2137
2072 2138
2072 2144
2072 2153
2072 2161
2072 2169
2072 2174
2072 2180
2072 2183
2072 2187
2072 2189
2072 2198
2072 2199
2072 2203
2072 2222
2072 2223
2072 2224
2072 2232
2072 2235
2072 2241
2072 2243
2072 2247
2072 2254
2072 2268
2072 2274
2072 2279
2072 2280
2072 2282
2072 2283
2072 2289
2072 2292
2072 2294
2072 2304
2072 2315
2072 2319
2072 2327
2072 2328
2072 2333
2072 2336
2072 2338
2072 2344
2072 2347
2072 2377
2072 2384
2072 2390
2072 2394
2072 2396
2072 2398
2072 2399
2072 2415
2072 2417
2072 2420
2072 2434
2072 2436
2072 2438
2072 2445
2072 2451
2072 2458
2072 2461
2072 2463
2072 2468
2072 2471
2072 2479
2072 2491
2072 2501
2072 2508
2072 2509
2072 2510
2072 2511
2072 2516
2072 2518
2072 2533
2072 2537
2072 2555
2072 2568
2072 2589
2072 2592
2072 2594
2072 2597
2072 2598
2072 2603
2072 2608
2072 2617
2072 2629
2072 2649
2072 2652
2072 2653
2073 2074
2073 2077
2073 2078
2073 2083
2073 2084
2073 2086
2073 2088
2073 2090
2073 2093
2073 2095
2073 2098
2073 2103
2073 2104
2073 2108
2073 2109
2073 2112
2073 2118
2073 2121
2073 2122
2073 2123
2073 2124
2073 2131
2073 2139
2073 2140
2073 2142
2073 2150
2073 2154
2073 2165
2073 2172
2073 2179
2073 2184
2073 2188
2073 2190
2073 2200
2073 2201
2073 2206
2073 2210
2073 2212
2073 2213
2073 2216
2073 2218
2073 2220
2073 2229
2073 2233
2073 2237
2073 2240
2073 2244
2073 2253
2073 2257
2073 2261
2073 2266
2073 2271
2073 2275
2073 2276
2073 2278
2073 2290
2073 2299
2073 2300
2073 2306
2073 2307
2073 2308
2073 2309
2073 2323
2073 2324
2073 2326
2073 2329
2073 2331
2073 2334
2073 2339
2073 2340
2073 2347
2073 2348
2073 2352
2073 2353
2073 2354
2073 2356
2073 2359
2073 2363
2073 2369
2073 2370
2073 2374
2073 2376
2073 2381
2073 2386
2073 2391
2073 2392
2073 2395
2073 2404
2073 2408
2073 2409
2073 2410
2073 2414
2073 2423
2073 2428
2073 2429
2073 2430
2073 2433
2073 2446
2073 2460
2073 2462
2073 2464
2073 2467
2073 2468
2073 2469
2073 2478
2073 2482
2073 2484
2073 2485
2073 2489
2073 2492
2073 2495
2073 2499
2073 2500
2073 2504
2073 2506
2073 2507
2073 2520
2073 2521
2073 2524
2073 2526
2073 2532
2073 2542
2073 2543
2073 2546
2073 2549
2073 2550
2073 2551
2073 2552
2073 2553
2073 2554
2073 2556
2073 2559
2073 2560
2073 2561
2073 2563
2073 2564
2073 2573
2073 2575
2073 2578
2073 2579
2073 2586
2073 2590
2073 2591
2073 2593
2073 2600
2073 2601
2073 2602
2073 2604
2073 2607
2073 2611
2073 2615
2073 2619
2073 2623
2073 2624
2073 2625
2073 2630
2073 2631
2073 2638
2073 2646
2073 2654
2073 2655
2074 2077
2074 2078
2074 2083
2074 2086
2074 2088
2074 2090
2074 2095
2074 2098
2074 2103
2074 2104
2074 2108
2074 2109
2074 2112
2074 2115
2074 2118
2074 2122
2074 2123
2074 2124
2074 2131
2074 2136
2074 2139
2074 2140
2074 2142
2074 2150
2074 2154
2074 2172
2074 2179
2074 2184
2074 2188
2074 2190
2074 2200
2074 2201
2074 2206
2074 2213
2074 2216
2074 2218
2074 2220
2074 2229
2074 2233
2074 2237
2074 2240
2074 2244
2074 2257
2074 2261
2074 2266
2074 2271
2074 2275
2074 2276
2074 2278
2074 2287
2074 2290
2074 2299
2074 2307
2074 2308
2074 2309
2074 2323
2074 2324
2074 2326
2074 2331
2074 2339
2074 2340
2074 2347
2074 2348
2074 2352
2074 2354
2074 2356
2074 2359
2074 2363
2074 2369
2074 2370
2074 2374
2074 2376
2074 2381
2074 2386
2074 2395
2074 2404
2074 2407
2074 2408
2074 2409
2074 2410
2074 2414
2074 2418
2074 2423
2074 2428
2074 2430
2074 2433
2074 2446
2074 2460
2074 2464
2074 2468
2074 2477
2074 2482
2074 2485
2074 2489
2074 2492
2074 2495
2074 2499
2074 2500
2074 2504
2074 2507
2074 2520
2074 2532
2074 2539
2074 2542
2074 2546
2074 2551
2074 2553
2074 2560
2074 2564
2074 2573
2074 2575
2074 2578
2074 2586
2074 2590
2074 2591
2074 2593
2074 2600
2074 2601
2074 2602
2074 2604
2074 2607
2074 2611
2074 2619
2074 2624
2074 2625
2074 2630
2074 2638
2074 2646
2074 2654
2074 2655
2075 2081
2075 2110
2075 2111
2075 2128
2075 2132
2075 2161
2075 2199
2075 2221
2075 2222
2075 2235
2075 2243
2075 2274
2075 2280
2075 2282
2075 2327
2075 2328
2075 2333
2075 2344
2075 2377
2075 2384
2075 2390
2075 2394
2075 2396
2075 2415
2075 2434
2075 2438
2075 2451
2075 2479
2075 2501
2075 2509
2075 2511
2075 2537
2075 2572
2075 2603
2075 2617
2075 2652
2076 2170
2076 2207
2076 2255
2076 2320
2076 2349
2076 2401
2076 2425
2076 2426
2076 2444
2076 2466
2076 2486
2076 2513
2076 2515
2076 2622
2076 2650
2077 2078
2077 2090
2077 2093
2077 2095
2077 2103
2077 2104
2077 2108
2077 2118
2077 2121
2077 2122
2077 2123
2077 2124
2077 2131
2077 2136
2077 2139
2077 2142
2077 2150
2077 2184
2077 2190
2077 2200
2077 2201
2077 2206
2077 2216
2077 2218
2077 2220
2077 2229
2077 2233
2077 2240
2077 2244
2077 2253
2077 2261
2077 2266
2077 2275
2077 2278
2077 2290
2077 2299
2077 2307
2077 2308
2077 2309
2077 2323
2077 2324
2077 2329
2077 2331
2077 2334
2077 2340
2077 2347
2077 2348
2077 2352
2077 2354
2077 2356
2077 2359
2077 2369
2077 2370
2077 2374
2077 2376
2077 2381
2077 2395
2077 2408
2077 2410
2077 2414
2077 2418
2077 2428
2077 2446
2077 2460
2077 2464
2077 2482
2077 2484
2077 2492
2077 2495
2077 2500
2077 2504
2077 2507
2077 2520
2077 2521
2077 2526
2077 2546
2077 2549
2077 2550
2077 2551
2077 2553
2077 2560
2077 2561
2077 2564
2077 2575
2077 2578
2077 2586
2077 2590
2077 2593
2077 2600
2077 2601
2077 2602
2077 2604
2077 2606
2077 2607
2077 2611
2077 2619
2077 2623
2077 2624
2077 2625
2077 2638
2078 2083
2078 2084
2078 2086
2078 2088
2078 2090
2078 2093
2078 2095
2078 2098
2078 2103
2078 2104
2078 2108
2078 2109
2078 2115
2078 2118
2078 2121
2078 2122
2078 2123
2078 2124
2078 2131
2078 2136
2078 2137
2078 2139
2078 2140
2078 2142
2078 2147
2078 2150
2078 2154
2078 2164
2078 2165
2078 2172
2078 2179
2078 2184
2078 2188
2078 2190
2078 2200
2078 2201
2078 2206
2078 2210
2078 2212
2078 2213
2078 2216
2078 2218
2078 2220
2078 2229
2078 2233
2078 2237
2078 2240
2078 2244
2078 2253
2078 2257
2078 2261
2078 2266
2078 2271
2078 2275
2078 2276
2078 2278
2078 2290
2078 2299
2078 2300
2078 2306
2078 2307
2078 2308
2078 2309
2078 2323
2078 2324
2078 2326
2078 2329
2078 2331
2078 2334
2078 2339
2078 2340
2078 2347
2078 2348
2078 2352
2078 2354
2078 2356
2078 2359
2078 2363
2078 2369
2078 2370
2078 2374
2078 2376
2078 2381
2078 2386
2078 2391
2078 2395
2078 2404
2078 2407
2078 2408
2078 2409
2078 2410
2078 2414
2078 2423
2078 2428
2078 2430
2078 2433
2078 2460
2078 2462
2078 2464
2078 2467
2078 2468
2078 2469
2078 2478
2078 2482
2078 2484
2078 2485
2078 2489
2078 2492
2078 2495
2078 2499
2078 2500
2078 2504
2078 2506
2078 2507
2078 2520
2078 2521
2078 2526
2078 2532
2078 2536
2078 2539
2078 2542
2078 2543
2078 2546
2078 2549
2078 2550
2078 2551
2078 2552
2078 2553
2078 2554
2078 2556
2078 2559
2078 2560
2078 2561
2078 2563
2078 2564
2078 2573
2078 2574
2078 2575
2078 2578
2078 2579
2078 2586
2078 2590
2078 2591
2078 2593
2078 2600
2078 2601
2078 2602
2078 2604
2078 2606
2078 2607
2078 2611
2078 2615
2078 2619
2078 2623
2078 2624
2078 2625
2078 2630
2078 2631
2078 2638
2078 2646
2078 2654
2078 2655
2080 2145
2080 2193
2080 2236
2080 2277
2080 2313
2080 2614
2080 2656
2081 2087
2081 2101
2081 2102
2081 2110
2081 2111
2081 2117
2081 2125
2081 2127
2081 2128
2081 2132
2081 2133
2081 2134
2081 2135
2081 2137
2081 2138
2081 2144
2081 2148
2081 2149
2081 2153
2081 2161
2081 2174
2081 2176
2081 2177
2081 2180
2081 2183
2081 2187
2081 2189
2081 2191
2081 2194
2081 2196
2081 2199
2081 2215
2081 2223
2081 2224
2081 2235
2081 2241
2081 2243
2081 2246
2081 2247
2081 2250
2081 2252
2081 2254
2081 2267
2081 2273
2081 2274
2081 2279
2081 2280
2081 2282
2081 2283
2081 2289
2081 2292
2081 2293
2081 2294
2081 2302
2081 2304
2081 2315
2081 2319
2081 2324
2081 2327
2081 2328
2081 2332
2081 2333
2081 2336
2081 2338
2081 2343
2081 2344
2081 2347
2081 2351
2081 2367
2081 2368
2081 2372
2081 2377
2081 2384
2081 2385
2081 2390
2081 2394
2081 2396
2081 2398
2081 2399
2081 2415
2081 2419
2081 2420
2081 2432
2081 2434
2081 2436
2081 2438
2081 2445
2081 2451
2081 2458
2081 2461
2081 2462
2081 2463
2081 2465
2081 2468
2081 2471
2081 2472
2081 2475
2081 2479
2081 2491
2081 2496
2081 2501
2081 2508
2081 2509
2081 2510
2081 2511
2081 2530
2081 2533
2081 2537
2081 2543
2081 2547
2081 2555
2081 2567
2081 2582
2081 2588
2081 2589
2081 2592
2081 2594
2081 2597
2081 2598
2081 2603
2081 2608
2081 2609
2081 2617
2081 2629
2081 2642
2081 2643
2081 2649
2081 2652
2081 2653
2082 2089
2082 2120
2082 2152
2082 2228
2082 2371
2082 2397
2082 2402
2082 2412
2082 2440
2082 2448
2082 2488
2082 2540
2082 2570
2082 2644
2083 2084
2083 2088
2083 2090
2083 2093
2083 2095
2083 2103
2083 2104
2083 2108
2083 2112
2083 2115
2083 2118
2083 2122
2083 2123
2083 2124
2083 2131
2083 2142
2083 2147
2083 2150
2083 2164
2083 2165
2083 2172
2083 2184
2083 2188
2083 2190
2083 2200
2083 2201
2083 2206
2083 2212
2083 2218
2083 2220
2083 2229
2083 2233
2083 2240
2083 2244
2083 2257
2083 2261
2083 2266
2083 2271
2083 2275
2083 2276
2083 2278
2083 2290
2083 2299
2083 2300
2083 2307
2083 2323
2083 2324
2083 2331
2083 2340
2083 2347
2083 2348
2083 2352
2083 2353
2083 2354
2083 2356
2083 2359
2083 2363
2083 2370
2083 2374
2083 2381
2083 2386
2083 2395
2083 2404
2083 2408
2083 2409
2083 2410
2083 2414
2083 2418
2083 2428
2083 2433
2083 2446
2083 2464
2083 2467
2083 2469
2083 2477
2083 2478
2083 2492
2083 2495
2083 2500
2083 2504
2083 2506
2083 2507
2083 2520
2083 2539
2083 2542
2083 2543
2083 2549
2083 2550
2083 2551
2083 2553
2083 2556
2083 2559
2083 2560
2083 2561
2083 2564
2083 2573
2083 2574
2083 2575
2083 2579
2083 2586
2083 2590
2083 2593
2083 2600
2083 2601
2083 2602
2083 2604
2083 2607
2083 2611
2083 2613
2083 2615
2083 2619
2083 2624
2083 2630
2083 2631
2083 2638
2083 2654
2083 2655
2084 2088
2084 2090
2084 2098
2084 2103
2084 2104
2084 2108
2084 2109
2084 2112
2084 2118
2084 2123
2084 2131
2084 2139
2084 2140
2084 2142
2084 2164
2084 2165
2084 2172
2084 2184
2084 2188
2084 2201
2084 2206
2084 2216
2084 2218
2084 2220
2084 2229
2084 2233
2084 2240
2084 2261
2084 2266
2084 2271
2084 2275
2084 2276
2084 2288
2084 2290
2084 2299
2084 2300
2084 2309
2084 2323
2084 2324
2084 2326
2084 2331
2084 2347
2084 2348
2084 2352
2084 2353
2084 2354
2084 2356
2084 2369
2084 2374
2084 2376
2084 2381
2084 2387
2084 2391
2084 2393
2084 2395
2084 2404
