2084 2407
2084 2409
2084 2410
2084 2423
2084 2427
2084 2429
2084 2433
2084 2449
2084 2454
2084 2460
2084 2467
2084 2468
2084 2469
2084 2482
2084 2484
2084 2495
2084 2499
2084 2500
2084 2504
2084 2506
2084 2507
2084 2512
2084 2520
2084 2526
2084 2532
2084 2546
2084 2550
2084 2551
2084 2552
2084 2553
2084 2554
2084 2556
2084 2559
2084 2560
2084 2561
2084 2573
2084 2575
2084 2578
2084 2579
2084 2586
2084 2590
2084 2600
2084 2601
2084 2602
2084 2606
2084 2607
2084 2611
2084 2615
2084 2619
2084 2624
2084 2625
2084 2631
2084 2638
2085 2091
2085 2107
2085 2145
2085 2152
2085 2186
2085 2197
2085 2211
2085 2226
2085 2232
2085 2235
2085 2265
2085 2296
2085 2322
2085 2341
2085 2366
2085 2367
2085 2379
2085 2406
2085 2473
2085 2523
2085 2566
2085 2581
2085 2610
2085 2612
2086 2088
2086 2090
2086 2093
2086 2103
2086 2104
2086 2112
2086 2118
2086 2123
2086 2131
2086 2139
2086 2140
2086 2142
2086 2154
2086 2172
2086 2179
2086 2184
2086 2188
2086 2190
2086 2200
2086 2201
2086 2206
2086 2212
2086 2216
2086 2218
2086 2220
2086 2229
2086 2233
2086 2240
2086 2244
2086 2253
2086 2257
2086 2261
2086 2266
2086 2275
2086 2290
2086 2300
2086 2308
2086 2309
2086 2323
2086 2324
2086 2326
2086 2331
2086 2334
2086 2339
2086 2340
2086 2347
2086 2348
2086 2354
2086 2356
2086 2359
2086 2363
2086 2369
2086 2370
2086 2376
2086 2381
2086 2395
2086 2404
2086 2407
2086 2408
2086 2409
2086 2410
2086 2414
2086 2418
2086 2428
2086 2429
2086 2430
2086 2446
2086 2464
2086 2467
2086 2468
2086 2469
2086 2478
2086 2482
2086 2485
2086 2489
2086 2492
2086 2495
2086 2500
2086 2504
2086 2507
2086 2526
2086 2539
2086 2542
2086 2543
2086 2546
2086 2551
2086 2553
2086 2559
2086 2560
2086 2564
2086 2575
2086 2578
2086 2590
2086 2593
2086 2600
2086 2601
2086 2602
2086 2604
2086 2607
2086 2611
2086 2615
2086 2623
2086 2625
2086 2630
2086 2638
2086 2646
2086 2654
2086 2655
2087 2102
2087 2111
2087 2117
2087 2125
2087 2127
2087 2128
2087 2133
2087 2134
2087 2135
2087 2138
2087 2143
2087 2144
2087 2148
2087 2149
2087 2151
2087 2153
2087 2163
2087 2169
2087 2174
2087 2176
2087 2180
2087 2183
2087 2187
2087 2189
2087 2191
2087 2194
2087 2196
2087 2198
2087 2199
2087 2203
2087 2208
2087 2215
2087 2223
2087 2224
2087 2241
2087 2246
2087 2247
2087 2249
2087 2250
2087 2254
2087 2259
2087 2264
2087 2267
2087 2268
2087 2273
2087 2279
2087 2282
2087 2283
2087 2289
2087 2292
2087 2293
2087 2294
2087 2302
2087 2305
2087 2315
2087 2319
2087 2325
2087 2327
2087 2328
2087 2332
2087 2333
2087 2336
2087 2338
2087 2343
2087 2344
2087 2347
2087 2351
2087 2368
2087 2372
2087 2377
2087 2384
2087 2385
2087 2398
2087 2420
2087 2434
2087 2436
2087 2445
2087 2451
2087 2461
2087 2463
2087 2465
2087 2471
2087 2472
2087 2475
2087 2491
2087 2498
2087 2508
2087 2509
2087 2510
2087 2511
2087 2512
2087 2516
2087 2522
2087 2530
2087 2533
2087 2537
2087 2543
2087 2547
2087 2555
2087 2567
2087 2572
2087 2582
2087 2588
2087 2589
2087 2592
2087 2594
2087 2597
2087 2598
2087 2608
2087 2609
2087 2616
2087 2617
2087 2629
2087 2642
2087 2643
2087 2649
2087 2653
2088 2090
2088 2093
2088 2095
2088 2098
2088 2103
2088 2104
2088 2108
2088 2109
2088 2112
2088 2115
2088 2118
2088 2121
2088 2122
2088 2123
2088 2124
2088 2131
2088 2136
2088 2139
2088 2140
2088 2142
2088 2150
2088 2154
2088 2164
2088 2165
2088 2172
2088 2184
2088 2188
2088 2190
2088 2200
2088 2201
2088 2206
2088 2212
2088 2213
2088 2216
2088 2218
2088 2220
2088 2229
2088 2233
2088 2237
2088 2240
2088 2244
2088 2253
2088 2257
2088 2261
2088 2266
2088 2271
2088 2275
2088 2276
2088 2278
2088 2287
2088 2290
2088 2299
2088 2300
2088 2306
2088 2307
2088 2308
2088 2309
2088 2323
2088 2324
2088 2326
2088 2329
2088 2331
2088 2334
2088 2339
2088 2340
2088 2347
2088 2348
2088 2352
2088 2353
2088 2354
2088 2356
2088 2359
2088 2363
2088 2370
2088 2374
2088 2376
2088 2381
2088 2386
2088 2391
2088 2395
2088 2404
2088 2408
2088 2409
2088 2410
2088 2414
2088 2418
2088 2423
2088 2428
2088 2429
2088 2430
2088 2433
2088 2443
2088 2446
2088 2460
2088 2464
2088 2467
2088 2468
2088 2469
2088 2482
2088 2484
2088 2485
2088 2492
2088 2495
2088 2500
2088 2504
2088 2506
2088 2507
2088 2520
2088 2521
2088 2526
2088 2532
2088 2536
2088 2539
2088 2542
2088 2543
2088 2546
2088 2549
2088 2550
2088 2551
2088 2552
2088 2553
2088 2554
2088 2556
2088 2559
2088 2560
2088 2561
2088 2563
2088 2564
2088 2573
2088 2574
2088 2575
2088 2576
2088 2578
2088 2586
2088 2590
2088 2591
2088 2593
2088 2600
2088 2601
2088 2602
2088 2604
2088 2606
2088 2607
2088 2611
2088 2615
2088 2619
2088 2624
2088 2625
2088 2630
2088 2631
2088 2638
2088 2646
2088 2654
2088 2655
2089 2107
2089 2126
2089 2228
2089 2231
2089 2236
2089 2313
2089 2361
2089 2371
2089 2397
2089 2402
2089 2440
2089 2448
2089 2488
2089 2570
2089 2614
2089 2618
2089 2628
2090 2093
2090 2095
2090 2103
2090 2104
2090 2108
2090 2112
2090 2115
2090 2118
2090 2121
2090 2122
2090 2123
2090 2124
2090 2131
2090 2139
2090 2140
2090 2142
2090 2150
2090 2154
2090 2165
2090 2172
2090 2179
2090 2184
2090 2188
2090 2190
2090 2200
2090 2201
2090 2206
2090 2212
2090 2213
2090 2216
2090 2218
2090 2220
2090 2229
2090 2233
2090 2237
2090 2240
2090 2244
2090 2253
2090 2257
2090 2261
2090 2266
2090 2271
2090 2275
2090 2276
2090 2278
2090 2287
2090 2290
2090 2299
2090 2300
2090 2306
2090 2307
2090 2308
2090 2309
2090 2323
2090 2324
2090 2326
2090 2329
2090 2331
2090 2334
2090 2339
2090 2340
2090 2347
2090 2348
2090 2352
2090 2354
2090 2356
2090 2359
2090 2363
2090 2369
2090 2370
2090 2374
2090 2376
2090 2381
2090 2386
2090 2391
2090 2395
2090 2404
2090 2408
2090 2409
2090 2410
2090 2414
2090 2418
2090 2423
2090 2428
2090 2430
2090 2433
2090 2446
2090 2460
2090 2462
2090 2464
2090 2467
2090 2468
2090 2469
2090 2477
2090 2478
2090 2482
2090 2484
2090 2492
2090 2495
2090 2499
2090 2500
2090 2504
2090 2506
2090 2507
2090 2520
2090 2521
2090 2526
2090 2532
2090 2539
2090 2542
2090 2543
2090 2546
2090 2549
2090 2550
2090 2551
2090 2552
2090 2553
2090 2556
2090 2559
2090 2560
2090 2561
2090 2564
2090 2573
2090 2575
2090 2576
2090 2578
2090 2579
2090 2586
2090 2590
2090 2591
2090 2593
2090 2600
2090 2601
2090 2602
2090 2604
2090 2607
2090 2611
2090 2615
2090 2619
2090 2623
2090 2624
2090 2625
2090 2630
2090 2631
2090 2638
2090 2646
2090 2654
2090 2655
2091 2099
2091 2105
2091 2126
2091 2129
2091 2130
2091 2146
2091 2156
2091 2160
2091 2162
2091 2173
2091 2197
2091 2231
2091 2236
2091 2260
2091 2313
2091 2317
2091 2341
2091 2342
2091 2361
2091 2371
2091 2411
2091 2440
2091 2448
2091 2488
2091 2540
2091 2659
2092 2140
2092 2147
2092 2172
2092 2189
2092 2200
2092 2206
2092 2234
2092 2262
2092 2271
2092 2288
2092 2300
2092 2303
2092 2331
2092 2350
2092 2383
2092 2387
2092 2391
2092 2393
2092 2409
2092 2423
2092 2428
2092 2429
2092 2449
2092 2478
2092 2492
2092 2507
2092 2526
2092 2576
2092 2584
2092 2590
2092 2602
2092 2607
2093 2095
2093 2103
2093 2104
2093 2108
2093 2112
2093 2115
2093 2118
2093 2121
2093 2122
2093 2123
2093 2131
2093 2139
2093 2142
2093 2150
2093 2154
2093 2164
2093 2172
2093 2184
2093 2188
2093 2190
2093 2200
2093 2201
2093 2206
2093 2216
2093 2218
2093 2220
2093 2229
2093 2233
2093 2240
2093 2244
2093 2253
2093 2257
2093 2261
2093 2266
2093 2271
2093 2275
2093 2276
2093 2278
2093 2287
2093 2290
2093 2299
2093 2300
2093 2306
2093 2307
2093 2308
2093 2309
2093 2323
2093 2324
2093 2326
2093 2329
2093 2331
2093 2339
2093 2340
2093 2347
2093 2348
2093 2352
2093 2353
2093 2354
2093 2356
2093 2359
2093 2363
2093 2369
2093 2370
2093 2374
2093 2376
2093 2381
2093 2383
2093 2386
2093 2391
2093 2395
2093 2401
2093 2404
2093 2409
2093 2410
2093 2414
2093 2418
2093 2423
2093 2428
2093 2429
2093 2430
2093 2433
2093 2446
2093 2460
2093 2464
2093 2467
2093 2482
2093 2484
2093 2485
2093 2489
2093 2492
2093 2495
2093 2500
2093 2504
2093 2507
2093 2520
2093 2521
2093 2526
2093 2539
2093 2542
2093 2543
2093 2546
2093 2549
2093 2550
2093 2552
2093 2553
2093 2554
2093 2556
2093 2559
2093 2560
2093 2561
2093 2563
2093 2564
2093 2575
2093 2578
2093 2579
2093 2586
2093 2590
2093 2593
2093 2600
2093 2601
2093 2602
2093 2604
2093 2606
2093 2607
2093 2611
2093 2615
2093 2619
2093 2623
2093 2624
2093 2625
2093 2630
2093 2631
2093 2638
2093 2646
2093 2654
2093 2655
2094 2167
2094 2245
2094 2281
2094 2301
2094 2487
2094 2535
2095 2103
2095 2104
2095 2112
2095 2115
2095 2118
2095 2121
2095 2131
2095 2139
2095 2140
2095 2142
2095 2150
2095 2154
2095 2165
2095 2172
2095 2188
2095 2190
2095 2200
2095 2206
2095 2210
2095 2212
2095 2213
2095 2218
2095 2220
2095 2233
2095 2237
2095 2244
2095 2253
2095 2257
2095 2258
2095 2261
2095 2266
2095 2271
2095 2275
2095 2276
2095 2290
2095 2299
2095 2308
2095 2309
2095 2311
2095 2323
2095 2324
2095 2326
2095 2331
2095 2334
2095 2339
2095 2340
2095 2347
2095 2352
2095 2354
2095 2356
2095 2359
2095 2363
2095 2369
2095 2370
2095 2376
2095 2381
2095 2386
2095 2395
2095 2404
2095 2407
2095 2410
2095 2414
2095 2423
2095 2428
2095 2430
2095 2433
2095 2446
2095 2462
2095 2464
2095 2467
2095 2468
2095 2477
2095 2484
2095 2485
2095 2492
2095 2495
2095 2499
2095 2500
2095 2504
2095 2507
2095 2520
2095 2526
2095 2539
2095 2542
2095 2543
2095 2546
2095 2549
2095 2551
2095 2552
2095 2553
2095 2554
2095 2559
2095 2560
2095 2563
2095 2564
2095 2578
2095 2586
2095 2590
2095 2591
2095 2593
2095 2600
2095 2601
2095 2602
2095 2604
2095 2607
2095 2611
2095 2615
2095 2616
2095 2619
2095 2624
2095 2625
2095 2630
2095 2646
2095 2654
2095 2655
2096 2132
2096 2222
2096 2243
2096 2328
2096 2333
2096 2390
2096 2432
2096 2434
2096 2438
2096 2480
2096 2501
2096 2509
2096 2518
2096 2568
2096 2603
2097 2171
2097 2192
2097 2225
2097 2284
2097 2364
2097 2447
2097 2538
2097 2585
2097 2620
2097 2626
2097 2640
2097 2645
2097 2647
2097 2648
2097 2657
2097 2658
2097 2659
2097 2660
2098 2104
2098 2109
2098 2115
2098 2118
2098 2122
2098 2123
2098 2131
2098 2140
2098 2142
2098 2150
2098 2164
2098 2172
2098 2184
2098 2188
2098 2190
2098 2201
2098 2206
2098 2210
2098 2213
2098 2218
2098 2220
2098 2229
2098 2233
2098 2244
2098 2257
2098 2266
2098 2271
2098 2278
2098 2290
2098 2299
2098 2300
2098 2308
2098 2323
2098 2324
2098 2331
2098 2339
2098 2340
2098 2347
2098 2348
2098 2352
2098 2359
2098 2369
2098 2376
2098 2395
2098 2404
2098 2410
2098 2423
2098 2428
2098 2460
2098 2462
2098 2464
2098 2468
2098 2492
2098 2499
2098 2500
2098 2506
2098 2507
2098 2520
2098 2542
2098 2543
2098 2549
2098 2550
2098 2551
2098 2553
2098 2556
2098 2560
2098 2561
2098 2573
2098 2574
2098 2575
2098 2578
2098 2579
2098 2586
2098 2590
2098 2591
2098 2600
2098 2601
2098 2602
2098 2604
2098 2611
2098 2615
2098 2624
2098 2625
2098 2630
2098 2631
2098 2638
2099 2126
2099 2197
2099 2199
2099 2230
2099 2247
2099 2283
2099 2313
2099 2358
2099 2461
2099 2510
2099 2555
2100 2113
2100 2217
2100 2313
2100 2450
2100 2558
2101 2110
2101 2111
2101 2117
2101 2132
2101 2134
2101 2161
2101 2183
2101 2199
2101 2221
2101 2222
2101 2223
2101 2235
2101 2243
2101 2264
2101 2274
2101 2279
2101 2280
2101 2282
2101 2283
2101 2294
2101 2327
2101 2328
2101 2333
2101 2338
2101 2344
2101 2345
2101 2367
2101 2379
2101 2384
2101 2390
2101 2394
2101 2396
2101 2415
2101 2434
2101 2436
2101 2438
2101 2451
2101 2458
2101 2461
2101 2479
2101 2501
2101 2509
2101 2510
2101 2511
2101 2516
2101 2522
2101 2537
2101 2568
2101 2571
2101 2594
2101 2598
2101 2603
2101 2608
2101 2617
2101 2652
2102 2111
2102 2116
2102 2117
2102 2125
2102 2127
2102 2132
2102 2133
2102 2134
2102 2138
2102 2143
2102 2148
2102 2149
2102 2151
2102 2153
2102 2169
2102 2174
2102 2176
2102 2180
2102 2183
2102 2187
2102 2189
2102 2194
2102 2196
2102 2198
2102 2199
2102 2203
2102 2215
2102 2223
2102 2224
2102 2239
2102 2241
2102 2246
2102 2250
2102 2254
2102 2259
2102 2264
2102 2267
2102 2268
2102 2273
2102 2279
2102 2280
2102 2282
2102 2283
2102 2285
2102 2289
2102 2292
2102 2294
2102 2302
2102 2305
2102 2325
2102 2327
2102 2328
2102 2332
2102 2336
2102 2338
2102 2343
2102 2344
2102 2347
2102 2351
2102 2368
2102 2372
2102 2384
2102 2385
2102 2400
2102 2413
2102 2417
2102 2419
2102 2436
2102 2451
2102 2459
2102 2461
2102 2463
2102 2471
2102 2475
2102 2491
2102 2498
2102 2508
2102 2509
2102 2510
2102 2511
2102 2519
2102 2529
2102 2531
2102 2533
2102 2543
2102 2547
2102 2555
2102 2567
2102 2582
2102 2588
2102 2589
2102 2598
2102 2610
2102 2612
2102 2616
2102 2617
2102 2629
2102 2642
2102 2643
2102 2649
2103 2104
2103 2108
2103 2109
2103 2112
2103 2115
2103 2118
2103 2121
2103 2122
2103 2123
2103 2124
2103 2131
2103 2136
2103 2139
2103 2140
2103 2142
2103 2150
2103 2154
2103 2172
2103 2179
2103 2184
2103 2188
2103 2190
2103 2200
2103 2201
2103 2206
2103 2210
2103 2212
2103 2216
2103 2218
2103 2220
2103 2229
2103 2233
2103 2237
2103 2240
2103 2244
2103 2253
2103 2258
2103 2266
2103 2271
2103 2275
2103 2276
2103 2278
2103 2290
2103 2300
2103 2306
2103 2307
2103 2308
2103 2309
2103 2311
2103 2323
2103 2324
2103 2326
2103 2331
2103 2334
2103 2339
2103 2340
2103 2347
2103 2348
2103 2352
2103 2354
2103 2356
2103 2359
2103 2363
2103 2369
2103 2370
2103 2374
2103 2376
2103 2381
2103 2386
2103 2392
2103 2395
2103 2404
2103 2407
2103 2408
2103 2409
2103 2410
2103 2414
2103 2423
2103 2428
2103 2430
2103 2433
2103 2446
2103 2449
2103 2460
2103 2464
2103 2467
2103 2468
2103 2469
2103 2476
2103 2477
2103 2478
2103 2482
2103 2484
2103 2489
2103 2492
2103 2500
2103 2504
2103 2507
2103 2520
2103 2521
2103 2524
2103 2526
2103 2532
2103 2536
2103 2539
2103 2542
2103 2543
2103 2546
2103 2549
2103 2550
2103 2551
2103 2552
2103 2553
2103 2556
2103 2559
2103 2560
2103 2561
2103 2563
2103 2564
2103 2573
2103 2574
2103 2578
2103 2586
2103 2590
2103 2591
2103 2593
2103 2601
2103 2602
2103 2604
2103 2606
2103 2607
2103 2611
2103 2615
2103 2619
2103 2623
2103 2624
2103 2625
2103 2630
2103 2631
2103 2638
2103 2646
2103 2654
2103 2655
2104 2108
2104 2112
2104 2118
2104 2121
2104 2122
2104 2123
2104 2124
2104 2131
2104 2136
2104 2139
2104 2140
2104 2142
2104 2150
2104 2154
2104 2165
2104 2172
2104 2179
2104 2184
2104 2188
2104 2190
2104 2200
2104 2201
2104 2206
2104 2210
2104 2212
2104 2216
2104 2218
2104 2220
2104 2229
2104 2233
2104 2237
2104 2240
2104 2244
2104 2253
2104 2257
2104 2266
2104 2271
2104 2275
2104 2278
2104 2287
2104 2290
2104 2299
2104 2300
2104 2306
2104 2307
2104 2308
2104 2309
2104 2323
2104 2326
2104 2329
2104 2331
2104 2334
2104 2339
2104 2340
2104 2347
2104 2348
2104 2352
2104 2353
2104 2354
2104 2356
2104 2359
2104 2363
2104 2369
2104 2370
2104 2374
2104 2376
2104 2381
2104 2386
2104 2391
2104 2395
2104 2407
2104 2408
2104 2409
2104 2410
2104 2414
2104 2418
2104 2423
2104 2428
2104 2430
2104 2433
2104 2446
2104 2460
2104 2464
2104 2467
2104 2469
2104 2477
2104 2482
2104 2484
2104 2485
2104 2489
2104 2492
2104 2495
2104 2500
2104 2504
2104 2506
2104 2507
2104 2520
2104 2521
2104 2526
2104 2539
2104 2542
2104 2546
2104 2549
2104 2550
2104 2551
2104 2553
2104 2556
2104 2559
2104 2560
2104 2561
2104 2563
2104 2564
2104 2573
2104 2578
2104 2586
2104 2590
2104 2593
2104 2600
2104 2601
2104 2602
2104 2604
2104 2606
2104 2607
2104 2611
2104 2615
2104 2623
2104 2624
2104 2625
2104 2630
2104 2638
2104 2646
2104 2654
2104 2655
2105 2120
2105 2126
2105 2236
2105 2238
2105 2260
2105 2342
2105 2360
2105 2570
2106 2168
2106 2421
2106 2437
2107 2117
2107 2120
2107 2126
2107 2145
2107 2146
2107 2152
2107 2160
2107 2166
2107 2227
2107 2228
2107 2236
2107 2260
2107 2313
2107 2314
2107 2322
2107 2325
2107 2342
2107 2403
2107 2411
2107 2412
2107 2424
2107 2440
2107 2488
2107 2497
2107 2562
2107 2570
2107 2587
2107 2628
2107 2644
2107 2656
2108 2109
2108 2118
2108 2121
2108 2122
2108 2123
2108 2124
2108 2131
2108 2136
2108 2139
2108 2140
2108 2142
2108 2150
2108 2154
2108 2164
2108 2172
2108 2184
2108 2188
2108 2190
2108 2200
2108 2201
2108 2206
2108 2212
2108 2218
2108 2220
2108 2229
2108 2233
2108 2240
2108 2244
2108 2253
2108 2266
2108 2271
2108 2275
2108 2276
2108 2278
2108 2290
2108 2299
2108 2300
2108 2306
2108 2307
2108 2308
2108 2309
2108 2323
2108 2324
2108 2326
2108 2329
2108 2331
2108 2339
2108 2340
2108 2348
2108 2352
2108 2354
2108 2356
2108 2359
2108 2363
2108 2369
2108 2370
2108 2374
2108 2376
2108 2381
2108 2386
2108 2395
2108 2404
2108 2409
2108 2410
2108 2414
2108 2418
2108 2423
2108 2428
2108 2430
2108 2433
2108 2460
2108 2464
2108 2467
2108 2468
2108 2469
2108 2482
2108 2484
2108 2492
2108 2495
2108 2500
2108 2504
2108 2506
2108 2507
2108 2520
2108 2526
2108 2532
2108 2539
2108 2542
2108 2543
2108 2546
2108 2549
2108 2550
2108 2551
2108 2553
2108 2556
2108 2559
2108 2560
2108 2561
2108 2564
2108 2573
2108 2578
2108 2579
2108 2586
2108 2590
2108 2593
2108 2600
2108 2601
2108 2602
2108 2604
2108 2606
2108 2607
2108 2611
2108 2615
2108 2619
2108 2624
2108 2625
2108 2630
2108 2631
2108 2638
2108 2654
2108 2655
2109 2112
2109 2115
2109 2121
2109 2123
2109 2124
2109 2131
2109 2139
2109 2140
2109 2142
2109 2164
2109 2165
2109 2172
2109 2184
2109 2201
2109 2206
2109 2220
2109 2229
2109 2233
2109 2240
2109 2244
2109 2261
2109 2266
2109 2271
2109 2275
2109 2276
2109 2278
2109 2290
2109 2299
2109 2306
2109 2308
2109 2309
2109 2323
2109 2324
2109 2326
2109 2329
2109 2331
2109 2339
2109 2340
2109 2348
2109 2354
2109 2363
2109 2369
2109 2374
2109 2376
2109 2395
2109 2404
2109 2408
2109 2409
2109 2410
2109 2414
2109 2428
2109 2430
2109 2433
2109 2446
2109 2460
2109 2462
2109 2464
2109 2468
2109 2477
2109 2484
2109 2485
2109 2492
2109 2495
2109 2499
2109 2500
2109 2506
2109 2507
2109 2520
2109 2521
2109 2526
2109 2542
2109 2543
2109 2549
2109 2551
2109 2552
2109 2556
2109 2559
2109 2560
2109 2561
2109 2564
2109 2573
2109 2574
2109 2578
2109 2579
2109 2586
2109 2590
2109 2593
2109 2601
2109 2602
2109 2604
2109 2607
2109 2611
2109 2619
2109 2624
2109 2625
2109 2630
2109 2631
2109 2638
2109 2655
2110 2111
2110 2132
2110 2142
2110 2161
2110 2199
2110 2221
2110 2222
2110 2226
2110 2235
2110 2282
2110 2327
2110 2328
2110 2333
2110 2344
2110 2377
2110 2384
2110 2390
2110 2394
2110 2396
2110 2415
2110 2432
2110 2434
2110 2438
2110 2479
2110 2501
2110 2511
2110 2537
2110 2603
2110 2652
2111 2117
2111 2125
2111 2127
2111 2128
2111 2132
2111 2133
2111 2134
2111 2135
2111 2138
2111 2144
2111 2148
2111 2149
2111 2151
2111 2153
2111 2161
2111 2163
2111 2169
2111 2174
2111 2176
2111 2180
2111 2183
2111 2187
2111 2189
2111 2191
2111 2194
2111 2196
2111 2198
2111 2199
2111 2203
2111 2215
2111 2221
2111 2222
2111 2223
2111 2224
2111 2232
2111 2235
2111 2241
2111 2243
2111 2246
2111 2247
2111 2249
2111 2250
2111 2254
2111 2259
2111 2264
2111 2267
2111 2268
2111 2273
2111 2274
2111 2279
2111 2282
2111 2283
2111 2285
2111 2289
2111 2292
2111 2293
2111 2294
2111 2295
2111 2302
2111 2305
2111 2315
2111 2319
2111 2325
2111 2327
2111 2328
2111 2332
2111 2333
2111 2336
2111 2338
2111 2343
2111 2344
2111 2347
2111 2351
2111 2368
2111 2372
2111 2377
2111 2384
2111 2385
2111 2390
2111 2394
2111 2396
2111 2398
2111 2399
2111 2415
2111 2417
2111 2419
2111 2420
2111 2434
2111 2436
2111 2438
2111 2445
2111 2451
2111 2458
2111 2461
2111 2463
2111 2465
2111 2471
2111 2472
2111 2473
2111 2475
2111 2479
2111 2491
2111 2496
2111 2498
2111 2501
2111 2502
2111 2508
2111 2509
2111 2510
2111 2511
2111 2512
2111 2516
2111 2519
2111 2533
2111 2537
2111 2543
2111 2547
2111 2555
2111 2567
2111 2572
2111 2582
2111 2588
2111 2589
2111 2592
2111 2594
2111 2597
2111 2598
2111 2603
2111 2608
2111 2609
2111 2616
2111 2617
2111 2629
2111 2642
2111 2643
2111 2649
2111 2652
2111 2653
2112 2115
2112 2121
2112 2123
2112 2131
2112 2139
2112 2140
2112 2142
2112 2150
2112 2154
2112 2172
2112 2179
2112 2184
2112 2188
2112 2190
2112 2200
2112 2206
2112 2216
2112 2218
2112 2220
2112 2229
2112 2233
2112 2240
2112 2244
2112 2257
2112 2258
2112 2266
2112 2271
2112 2275
2112 2278
2112 2290
2112 2300
2112 2306
2112 2308
2112 2309
2112 2323
2112 2324
2112 2339
2112 2340
2112 2347
2112 2348
2112 2352
2112 2353
2112 2354
2112 2356
2112 2359
2112 2369
2112 2370
2112 2374
2112 2376
2112 2381
2112 2383
2112 2386
2112 2404
2112 2408
2112 2410
2112 2414
2112 2418
2112 2423
2112 2428
2112 2429
2112 2430
2112 2433
2112 2446
2112 2464
2112 2468
2112 2477
2112 2478
2112 2482
2112 2484
2112 2485
2112 2492
2112 2495
2112 2499
2112 2500
2112 2504
2112 2506
2112 2507
2112 2520
2112 2521
2112 2526
2112 2539
2112 2542
2112 2543
2112 2546
2112 2549
2112 2550
2112 2551
2112 2552
2112 2553
2112 2554
2112 2559
2112 2560
2112 2561
2112 2563
2112 2564
2112 2573
2112 2575
2112 2576
2112 2578
2112 2579
2112 2586
2112 2590
2112 2600
2112 2601
2112 2602
2112 2604
2112 2607
2112 2611
2112 2615
2112 2619
2112 2624
2112 2625
2112 2630
2112 2631
2112 2638
2112 2646
2112 2655
2113 2217
2113 2313
2113 2439
2113 2450
2113 2548
2113 2558
2113 2614
2114 2119
2114 2156
2114 2160
2114 2176
2114 2228
2114 2231
2114 2260
2114 2322
2114 2361
2114 2412
2115 2122
2115 2123
2115 2124
2115 2131
2115 2140
2115 2142
2115 2150
2115 2154
2115 2172
2115 2188
2115 2190
2115 2200
2115 2201
2115 2206
2115 2216
2115 2218
2115 2220
2115 2229
2115 2233
2115 2237
2115 2240
2115 2244
2115 2257
2115 2261
2115 2266
2115 2271
2115 2275
2115 2276
2115 2278
2115 2290
2115 2299
2115 2307
2115 2309
2115 2323
2115 2324
2115 2326
2115 2329
2115 2331
2115 2334
2115 2339
2115 2340
2115 2348
2115 2350
2115 2352
2115 2354
2115 2359
2115 2363
2115 2376
2115 2395
2115 2404
2115 2408
2115 2409
2115 2414
2115 2418
2115 2423
2115 2433
2115 2460
2115 2462
2115 2464
2115 2468
2115 2469
2115 2477
2115 2485
2115 2492
2115 2495
2115 2500
2115 2507
2115 2520
2115 2526
2115 2539
2115 2542
2115 2543
2115 2549
2115 2550
2115 2552
2115 2553
2115 2559
2115 2560
2115 2561
2115 2574
2115 2575
2115 2586
2115 2590
2115 2593
2115 2600
2115 2601
2115 2602
2115 2604
2115 2607
2115 2611
2115 2615
2115 2619
2115 2624
2115 2625
2115 2638
2115 2654
2115 2655
2116 2128
2116 2145
2116 2157
2116 2159
2116 2171
2116 2202
2116 2203
2116 2225
2116 2233
2116 2268
2116 2284
2116 2312
2116 2337
2116 2351
2116 2355
2116 2364
2116 2365
2116 2378
2116 2389
2116 2413
2116 2447
2116 2459
2116 2529
2116 2531
2116 2538
2116 2571
2116 2583
2116 2616
2116 2633
2116 2636
2116 2639
2116 2640
2116 2642
2116 2645
2116 2648
2116 2660
2117 2126
2117 2128
2117 2134
2117 2135
2117 2137
2117 2138
2117 2144
2117 2145
2117 2148
2117 2149
2117 2153
2117 2169
2117 2174
2117 2183
2117 2187
2117 2191
2117 2194
2117 2196
2117 2198
2117 2199
2117 2203
2117 2205
2117 2209
2117 2211
2117 2215
2117 2224
2117 2226
2117 2232
2117 2241
2117 2242
2117 2246
2117 2247
2117 2250
2117 2254
2117 2264
2117 2268
2117 2272
2117 2273
2117 2279
2117 2282
2117 2283
2117 2292
2117 2294
2117 2302
2117 2305
2117 2310
2117 2315
2117 2317
2117 2319
2117 2325
2117 2327
2117 2328
2117 2336
2117 2343
2117 2344
2117 2345
2117 2347
2117 2351
2117 2367
2117 2368
2117 2372
2117 2377
2117 2384
2117 2385
2117 2394
2117 2416
2117 2419
2117 2420
2117 2434
2117 2436
2117 2458
2117 2461
2117 2463
2117 2465
2117 2471
2117 2472
2117 2475
2117 2480
2117 2491
2117 2496
2117 2508
2117 2525
2117 2530
2117 2533
2117 2537
2117 2543
2117 2544
2117 2555
2117 2557
2117 2567
2117 2582
2117 2588
2117 2592
2117 2594
2117 2597
2117 2598
2117 2609
2117 2610
2117 2628
2117 2629
2117 2637
2117 2641
2117 2643
2117 2653
2118 2121
2118 2122
2118 2123
2118 2124
2118 2131
2118 2136
2118 2139
2118 2140
2118 2142
2118 2150
2118 2154
2118 2165
2118 2172
2118 2179
2118 2184
2118 2188
2118 2190
2118 2200
2118 2201
2118 2206
2118 2212
2118 2216
2118 2218
2118 2220
2118 2229
2118 2233
2118 2237
2118 2240
2118 2244
2118 2253
2118 2257
2118 2261
2118 2266
2118 2271
2118 2275
2118 2276
2118 2278
2118 2287
2118 2290
2118 2299
2118 2300
2118 2303
2118 2306
2118 2307
2118 2308
2118 2309
2118 2323
2118 2324
2118 2326
2118 2329
2118 2331
2118 2334
2118 2339
2118 2340
2118 2347
2118 2348
2118 2352
2118 2354
2118 2356
2118 2359
2118 2363
2118 2369
2118 2370
2118 2374
2118 2376
2118 2381
2118 2386
2118 2392
2118 2395
2118 2404
2118 2408
2118 2409
2118 2410
2118 2414
2118 2423
2118 2428
2118 2429
2118 2430
2118 2433
2118 2446
2118 2460
2118 2462
2118 2464
2118 2467
2118 2468
2118 2469
2118 2477
2118 2478
2118 2482
2118 2484
2118 2489
2118 2492
2118 2495
2118 2500
2118 2504
2118 2507
2118 2520
2118 2521
2118 2526
2118 2532
2118 2539
2118 2542
2118 2543
2118 2546
2118 2549
2118 2550
2118 2551
2118 2552
2118 2553
2118 2559
2118 2560
2118 2561
2118 2563
2118 2564
2118 2573
2118 2578
2118 2579
2118 2586
2118 2590
2118 2593
2118 2600
2118 2601
2118 2602
2118 2604
2118 2606
2118 2607
2118 2611
2118 2615
2118 2619
2118 2623
2118 2624
2118 2625
2118 2630
2118 2631
2118 2638
2118 2646
2118 2654
2118 2655
2119 2129
2119 2313
2119 2361
2119 2371
2119 2397
2119 2412
2119 2474
2119 2488
2119 2558
2119 2570
2119 2618
2119 2644
2120 2126
2120 2129
2120 2156
2120 2160
2120 2181
2120 2260
2120 2313
2120 2317
2120 2405
2120 2412
2120 2448
2120 2523
2120 2577
2120 2587
2120 2628
2121 2122
2121 2123
2121 2124
2121 2131
2121 2139
2121 2140
2121 2142
2121 2150
2121 2172
2121 2184
2121 2188
2121 2190
2121 2201
2121 2206
2121 2212
2121 2218
2121 2220
2121 2229
2121 2233
2121 2237
2121 2240
2121 2244
2121 2253
2121 2257
2121 2266
2121 2271
2121 2275
2121 2276
2121 2278
2121 2290
2121 2299
2121 2306
2121 2307
2121 2308
2121 2309
2121 2323
2121 2324
2121 2326
2121 2329
2121 2331
2121 2334
2121 2339
2121 2340
2121 2347
2121 2352
2121 2354
2121 2356
2121 2359
2121 2363
2121 2369
2121 2370
2121 2374
2121 2376
2121 2381
2121 2392
2121 2395
2121 2408
2121 2409
2121 2410
2121 2414
2121 2418
2121 2423
2121 2427
2121 2428
2121 2430
2121 2433
2121 2460
2121 2464
2121 2467
2121 2468
2121 2469
2121 2477
2121 2482
2121 2489
2121 2492
2121 2499
2121 2500
2121 2504
2121 2507
2121 2520
2121 2521
2121 2526
2121 2532
2121 2536
2121 2542
2121 2549
2121 2550
2121 2553
2121 2556
2121 2559
2121 2560
2121 2561
2121 2564
2121 2573
2121 2575
2121 2578
2121 2586
2121 2590
2121 2593
2121 2600
2121 2601
2121 2602
2121 2604
2121 2607
2121 2611
2121 2615
2121 2619
2121 2623
2121 2624
2121 2625
2121 2638
2121 2654
2121 2655
2122 2123
2122 2124
2122 2131
2122 2136
2122 2139
2122 2142
2122 2150
2122 2154
2122 2165
2122 2172
2122 2179
2122 2184
2122 2188
2122 2190
2122 2200
2122 2201
2122 2206
2122 2216
2122 2218
2122 2220
2122 2229
2122 2233
2122 2240
2122 2244
2122 2253
2122 2257
2122 2261
2122 2266
2122 2271
2122 2275
2122 2278
2122 2290
2122 2299
2122 2300
2122 2307
2122 2308
2122 2309
2122 2323
2122 2326
2122 2339
2122 2340
2122 2347
2122 2348
2122 2352
2122 2353
2122 2354
2122 2356
2122 2359
2122 2363
2122 2369
2122 2370
2122 2374
2122 2376
2122 2381
2122 2386
2122 2404
2122 2407
2122 2408
2122 2409
2122 2410
2122 2414
2122 2418
2122 2423
2122 2428
2122 2430
2122 2433
2122 2446
2122 2460
2122 2464
2122 2477
2122 2485
2122 2489
2122 2492
2122 2495
2122 2500
2122 2504
2122 2507
2122 2520
2122 2521
2122 2539
2122 2542
2122 2546
2122 2549
2122 2551
2122 2553
2122 2556
2122 2560
2122 2564
2122 2575
2122 2578
2122 2586
2122 2590
2122 2593
2122 2600
2122 2601
2122 2604
2122 2606
2122 2607
2122 2611
2122 2615
2122 2619
2122 2624
2122 2625
2122 2638
2122 2646
2123 2124
2123 2131
2123 2136
2123 2139
2123 2140
2123 2142
2123 2150
2123 2154
2123 2165
2123 2172
2123 2179
2123 2184
2123 2188
2123 2190
2123 2200
2123 2201
2123 2206
2123 2210
2123 2212
2123 2213
2123 2216
2123 2218
2123 2220
2123 2229
2123 2233
2123 2237
2123 2240
2123 2244
2123 2253
2123 2257
2123 2261
2123 2266
2123 2271
2123 2275
2123 2276
2123 2278
2123 2287
2123 2290
2123 2299
2123 2300
2123 2306
2123 2307
2123 2308
2123 2309
2123 2311
2123 2323
2123 2324
2123 2326
2123 2329
2123 2331
2123 2334
2123 2339
2123 2340
2123 2347
2123 2348
2123 2352
2123 2353
2123 2354
2123 2356
2123 2359
2123 2363
2123 2369
2123 2370
2123 2374
2123 2376
2123 2381
2123 2386
2123 2387
2123 2391
2123 2395
2123 2404
2123 2407
2123 2408
2123 2409
2123 2410
2123 2414
2123 2418
2123 2428
2123 2429
2123 2430
2123 2433
2123 2446
2123 2460
2123 2462
2123 2464
2123 2467
2123 2469
2123 2477
2123 2478
2123 2482
2123 2484
2123 2485
2123 2489
2123 2492
2123 2495
2123 2499
2123 2500
2123 2504
2123 2506
2123 2507
2123 2520
2123 2521
2123 2526
2123 2532
2123 2539
2123 2542
2123 2543
2123 2546
2123 2549
2123 2550
2123 2551
2123 2552
2123 2553
2123 2554
2123 2556
2123 2559
2123 2560
2123 2561
2123 2563
2123 2564
2123 2573
2123 2574
2123 2575
2123 2576
2123 2578
2123 2579
2123 2586
2123 2590
2123 2591
2123 2593
2123 2600
2123 2601
2123 2602
2123 2604
2123 2607
2123 2611
2123 2613
2123 2615
2123 2623
2123 2624
2123 2625
2123 2630
2123 2631
2123 2638
2123 2646
2123 2654
2123 2655
2124 2131
2124 2136
2124 2139
2124 2140
2124 2142
2124 2150
2124 2154
2124 2165
2124 2172
2124 2179
2124 2184
2124 2188
2124 2190
2124 2201
2124 2206
2124 2212
2124 2213
2124 2216
2124 2218
2124 2220
2124 2229
2124 2233
2124 2240
2124 2244
2124 2253
2124 2266
2124 2271
2124 2275
2124 2276
2124 2278
2124 2287
2124 2290
2124 2299
2124 2306
2124 2307
2124 2308
2124 2309
2124 2311
2124 2323
2124 2324
2124 2326
2124 2331
2124 2334
2124 2339
2124 2340
2124 2347
2124 2352
2124 2354
2124 2356
2124 2359
2124 2363
2124 2369
2124 2370
2124 2374
2124 2376
2124 2381
2124 2387
2124 2395
2124 2404
2124 2408
2124 2409
2124 2410
2124 2414
2124 2423
2124 2428
2124 2433
2124 2446
2124 2460
2124 2464
2124 2467
2124 2468
2124 2469
2124 2477
2124 2478
2124 2482
2124 2484
2124 2489
2124 2492
2124 2500
2124 2504
2124 2507
2124 2520
2124 2521
2124 2526
2124 2532
2124 2539
2124 2542
2124 2543
2124 2549
2124 2550
2124 2552
2124 2553
2124 2556
2124 2559
2124 2560
2124 2561
2124 2564
2124 2573
2124 2574
2124 2578
2124 2579
2124 2586
2124 2590
2124 2591
2124 2593
2124 2600
2124 2601
2124 2602
2124 2604
2124 2607
2124 2611
2124 2615
2124 2619
2124 2623
2124 2624
2124 2625
2124 2630
2124 2631
2124 2638
2124 2646
2124 2654
2124 2655
2125 2133
2125 2138
2125 2143
2125 2148
2125 2149
2125 2151
2125 2153
2125 2161
2125 2163
2125 2169
2125 2174
2125 2176
2125 2183
2125 2187
2125 2196
2125 2198
2125 2203
2125 2223
2125 2224
2125 2232
2125 2241
2125 2243
2125 2246
2125 2247
2125 2250
2125 2273
2125 2279
2125 2282
2125 2283
2125 2289
2125 2292
2125 2294
2125 2295
2125 2298
2125 2302
2125 2304
2125 2319
2125 2327
2125 2328
2125 2332
2125 2333
2125 2336
2125 2338
2125 2343
2125 2344
2125 2347
2125 2351
