2125 2368
2125 2372
2125 2384
2125 2398
2125 2399
2125 2419
2125 2434
2125 2451
2125 2458
2125 2461
2125 2463
2125 2471
2125 2475
2125 2498
2125 2501
2125 2502
2125 2509
2125 2510
2125 2511
2125 2512
2125 2516
2125 2518
2125 2519
2125 2533
2125 2543
2125 2555
2125 2582
2125 2588
2125 2592
2125 2594
2125 2598
2125 2603
2125 2605
2125 2616
2125 2629
2125 2642
2125 2643
2125 2649
2126 2129
2126 2146
2126 2152
2126 2160
2126 2162
2126 2173
2126 2181
2126 2197
2126 2231
2126 2236
2126 2283
2126 2301
2126 2313
2126 2317
2126 2335
2126 2341
2126 2360
2126 2361
2126 2366
2126 2371
2126 2405
2126 2412
2126 2424
2126 2440
2126 2448
2126 2455
2126 2488
2126 2535
2126 2540
2126 2570
2126 2577
2126 2587
2126 2628
2126 2659
2127 2133
2127 2134
2127 2138
2127 2144
2127 2148
2127 2149
2127 2151
2127 2153
2127 2174
2127 2176
2127 2183
2127 2187
2127 2189
2127 2196
2127 2199
2127 2203
2127 2223
2127 2224
2127 2241
2127 2246
2127 2250
2127 2254
2127 2268
2127 2279
2127 2283
2127 2289
2127 2292
2127 2302
2127 2312
2127 2319
2127 2327
2127 2328
2127 2330
2127 2332
2127 2333
2127 2336
2127 2338
2127 2343
2127 2351
2127 2355
2127 2367
2127 2372
2127 2384
2127 2389
2127 2394
2127 2396
2127 2398
2127 2400
2127 2419
2127 2436
2127 2445
2127 2451
2127 2458
2127 2463
2127 2471
2127 2473
2127 2491
2127 2498
2127 2508
2127 2510
2127 2511
2127 2512
2127 2516
2127 2529
2127 2533
2127 2537
2127 2543
2127 2555
2127 2567
2127 2582
2127 2588
2127 2589
2127 2592
2127 2594
2127 2597
2127 2598
2127 2608
2127 2616
2127 2617
2127 2629
2127 2643
2127 2649
2128 2132
2128 2135
2128 2138
2128 2143
2128 2148
2128 2151
2128 2153
2128 2163
2128 2183
2128 2187
2128 2203
2128 2233
2128 2246
2128 2250
2128 2267
2128 2268
2128 2278
2128 2279
2128 2283
2128 2287
2128 2292
2128 2294
2128 2302
2128 2304
2128 2310
2128 2322
2128 2328
2128 2332
2128 2333
2128 2338
2128 2344
2128 2347
2128 2351
2128 2355
2128 2368
2128 2372
2128 2384
2128 2399
2128 2400
2128 2436
2128 2438
2128 2463
2128 2475
2128 2479
2128 2491
2128 2502
2128 2509
2128 2512
2128 2516
2128 2529
2128 2533
2128 2537
2128 2543
2128 2544
2128 2555
2128 2567
2128 2582
2128 2594
2128 2598
2128 2603
2128 2616
2128 2629
2128 2642
2128 2643
2128 2646
2129 2146
2129 2181
2129 2231
2129 2236
2129 2260
2129 2313
2129 2317
2129 2342
2129 2357
2129 2371
2129 2373
2129 2397
2129 2402
2129 2405
2129 2412
2129 2440
2129 2448
2129 2488
2129 2540
2129 2570
2129 2577
2129 2587
2129 2614
2129 2628
2129 2644
2129 2656
2130 2156
2130 2160
2130 2197
2130 2313
2130 2341
2130 2397
2130 2448
2130 2618
2130 2659
2131 2139
2131 2140
2131 2142
2131 2150
2131 2154
2131 2165
2131 2172
2131 2179
2131 2184
2131 2188
2131 2190
2131 2200
2131 2201
2131 2206
2131 2210
2131 2216
2131 2218
2131 2220
2131 2229
2131 2233
2131 2237
2131 2240
2131 2244
2131 2253
2131 2257
2131 2261
2131 2266
2131 2271
2131 2275
2131 2276
2131 2278
2131 2287
2131 2290
2131 2299
2131 2300
2131 2306
2131 2307
2131 2308
2131 2309
2131 2311
2131 2323
2131 2324
2131 2326
2131 2331
2131 2334
2131 2339
2131 2340
2131 2347
2131 2348
2131 2352
2131 2353
2131 2354
2131 2356
2131 2359
2131 2363
2131 2369
2131 2370
2131 2374
2131 2376
2131 2381
2131 2386
2131 2395
2131 2404
2131 2407
2131 2408
2131 2409
2131 2410
2131 2414
2131 2418
2131 2423
2131 2428
2131 2430
2131 2433
2131 2446
2131 2449
2131 2460
2131 2462
2131 2464
2131 2467
2131 2468
2131 2469
2131 2476
2131 2477
2131 2478
2131 2482
2131 2484
2131 2485
2131 2489
2131 2492
2131 2495
2131 2499
2131 2500
2131 2504
2131 2506
2131 2507
2131 2520
2131 2521
2131 2526
2131 2532
2131 2539
2131 2542
2131 2543
2131 2546
2131 2547
2131 2549
2131 2550
2131 2551
2131 2552
2131 2553
2131 2554
2131 2556
2131 2559
2131 2560
2131 2561
2131 2563
2131 2564
2131 2573
2131 2574
2131 2575
2131 2576
2131 2578
2131 2579
2131 2586
2131 2590
2131 2593
2131 2600
2131 2601
2131 2602
2131 2604
2131 2606
2131 2607
2131 2611
2131 2613
2131 2615
2131 2619
2131 2623
2131 2624
2131 2625
2131 2630
2131 2631
2131 2638
2131 2654
2131 2655
2132 2149
2132 2161
2132 2169
2132 2183
2132 2185
2132 2187
2132 2198
2132 2199
2132 2221
2132 2222
2132 2235
2132 2241
2132 2243
2132 2246
2132 2247
2132 2264
2132 2273
2132 2274
2132 2280
2132 2282
2132 2292
2132 2294
2132 2304
2132 2319
2132 2324
2132 2327
2132 2328
2132 2333
2132 2336
2132 2343
2132 2344
2132 2368
2132 2377
2132 2384
2132 2390
2132 2394
2132 2396
2132 2399
2132 2415
2132 2419
2132 2432
2132 2434
2132 2438
2132 2451
2132 2458
2132 2461
2132 2462
2132 2471
2132 2475
2132 2479
2132 2491
2132 2501
2132 2509
2132 2510
2132 2511
2132 2512
2132 2518
2132 2537
2132 2555
2132 2592
2132 2594
2132 2598
2132 2603
2132 2617
2132 2629
2132 2642
2132 2652
2133 2135
2133 2138
2133 2141
2133 2143
2133 2144
2133 2145
2133 2149
2133 2151
2133 2153
2133 2155
2133 2169
2133 2174
2133 2175
2133 2176
2133 2180
2133 2185
2133 2187
2133 2189
2133 2194
2133 2196
2133 2198
2133 2199
2133 2203
2133 2209
2133 2210
2133 2211
2133 2214
2133 2223
2133 2224
2133 2231
2133 2232
2133 2239
2133 2241
2133 2242
2133 2246
2133 2247
2133 2250
2133 2254
2133 2256
2133 2267
2133 2268
2133 2272
2133 2273
2133 2279
2133 2282
2133 2283
2133 2289
2133 2291
2133 2292
2133 2294
2133 2296
2133 2302
2133 2310
2133 2313
2133 2315
2133 2318
2133 2319
2133 2322
2133 2325
2133 2328
2133 2330
2133 2333
2133 2336
2133 2343
2133 2344
2133 2351
2133 2362
2133 2366
2133 2367
2133 2368
2133 2372
2133 2377
2133 2384
2133 2394
2133 2398
2133 2399
2133 2406
2133 2416
2133 2417
2133 2419
2133 2436
2133 2440
2133 2445
2133 2451
2133 2461
2133 2463
2133 2471
2133 2474
2133 2475
2133 2480
2133 2491
2133 2498
2133 2508
2133 2509
2133 2510
2133 2511
2133 2512
2133 2514
2133 2517
2133 2525
2133 2543
2133 2555
2133 2557
2133 2567
2133 2582
2133 2588
2133 2589
2133 2592
2133 2594
2133 2598
2133 2603
2133 2608
2133 2610
2133 2616
2133 2617
2133 2629
2133 2637
2133 2642
2133 2649
2133 2653
2134 2138
2134 2148
2134 2149
2134 2153
2134 2169
2134 2180
2134 2187
2134 2191
2134 2194
2134 2196
2134 2199
2134 2215
2134 2223
2134 2241
2134 2254
2134 2264
2134 2268
2134 2273
2134 2279
2134 2283
2134 2285
2134 2289
2134 2292
2134 2302
2134 2315
2134 2319
2134 2332
2134 2333
2134 2336
2134 2347
2134 2351
2134 2372
2134 2384
2134 2385
2134 2398
2134 2399
2134 2417
2134 2451
2134 2463
2134 2465
2134 2471
2134 2496
2134 2508
2134 2510
2134 2511
2134 2533
2134 2543
2134 2555
2134 2567
2134 2588
2134 2598
2134 2616
2134 2629
2134 2642
2134 2643
2135 2137
2135 2138
2135 2143
2135 2153
2135 2174
2135 2180
2135 2183
2135 2187
2135 2191
2135 2194
2135 2196
2135 2199
2135 2203
2135 2224
2135 2239
2135 2241
2135 2247
2135 2264
2135 2267
2135 2268
2135 2279
2135 2282
2135 2283
2135 2292
2135 2293
2135 2302
2135 2315
2135 2319
2135 2330
2135 2332
2135 2333
2135 2336
2135 2338
2135 2347
2135 2351
2135 2372
2135 2384
2135 2417
2135 2420
2135 2436
2135 2463
2135 2472
2135 2475
2135 2496
2135 2502
2135 2509
2135 2511
2135 2512
2135 2533
2135 2543
2135 2544
2135 2555
2135 2567
2135 2592
2135 2597
2135 2598
2135 2629
2135 2642
2135 2643
2135 2653
2136 2164
2136 2172
2136 2184
2136 2200
2136 2201
2136 2206
2136 2216
2136 2220
2136 2229
2136 2233
2136 2244
2136 2261
2136 2275
2136 2300
2136 2307
2136 2308
2136 2326
2136 2340
2136 2347
2136 2354
2136 2363
2136 2370
2136 2374
2136 2376
2136 2404
2136 2408
2136 2409
2136 2418
2136 2423
2136 2428
2136 2446
2136 2464
2136 2467
2136 2477
2136 2489
2136 2500
2136 2504
2136 2507
2136 2532
2136 2539
2136 2543
2136 2564
2136 2576
2136 2611
2136 2625
2136 2638
2136 2646
2137 2143
2137 2148
2137 2153
2137 2183
2137 2267
2137 2279
2137 2282
2137 2283
2137 2293
2137 2319
2137 2328
2137 2333
2137 2347
2137 2351
2137 2384
2137 2385
2137 2398
2137 2420
2137 2468
2137 2491
2137 2502
2137 2506
2137 2510
2137 2533
2137 2543
2137 2555
2137 2561
2137 2573
2137 2592
2137 2594
2137 2597
2137 2608
2137 2629
2138 2144
2138 2148
2138 2149
2138 2151
2138 2153
2138 2169
2138 2174
2138 2176
2138 2180
2138 2183
2138 2187
2138 2189
2138 2191
2138 2194
2138 2196
2138 2198
2138 2199
2138 2203
2138 2215
2138 2223
2138 2224
2138 2232
2138 2239
2138 2241
2138 2250
2138 2254
2138 2259
2138 2267
2138 2273
2138 2279
2138 2282
2138 2283
2138 2289
2138 2292
2138 2293
2138 2294
2138 2302
2138 2305
2138 2315
2138 2319
2138 2325
2138 2328
2138 2332
2138 2333
2138 2336
2138 2338
2138 2344
2138 2347
2138 2351
2138 2368
2138 2372
2138 2377
2138 2384
2138 2385
2138 2387
2138 2394
2138 2398
2138 2417
2138 2420
2138 2436
2138 2445
2138 2451
2138 2458
2138 2461
2138 2463
2138 2465
2138 2471
2138 2472
2138 2491
2138 2496
2138 2508
2138 2509
2138 2510
2138 2511
2138 2512
2138 2533
2138 2537
2138 2543
2138 2555
2138 2567
2138 2582
2138 2589
2138 2592
2138 2594
2138 2597
2138 2598
2138 2608
2138 2609
2138 2617
2138 2629
2138 2642
2138 2643
2138 2649
2138 2653
2139 2140
2139 2142
2139 2150
2139 2154
2139 2165
2139 2172
2139 2184
2139 2188
2139 2190
2139 2200
2139 2201
2139 2206
2139 2210
2139 2212
2139 2216
2139 2218
2139 2220
2139 2229
2139 2233
2139 2237
2139 2240
2139 2244
2139 2253
2139 2257
2139 2266
2139 2271
2139 2275
2139 2276
2139 2278
2139 2290
2139 2299
2139 2306
2139 2307
2139 2308
2139 2309
2139 2311
2139 2323
2139 2324
2139 2326
2139 2329
2139 2331
2139 2334
2139 2339
2139 2340
2139 2347
2139 2348
2139 2352
2139 2354
2139 2356
2139 2359
2139 2363
2139 2369
2139 2370
2139 2374
2139 2381
2139 2386
2139 2392
2139 2395
2139 2407
2139 2408
2139 2409
2139 2410
2139 2414
2139 2418
2139 2423
2139 2428
2139 2430
2139 2433
2139 2446
2139 2460
2139 2464
2139 2467
2139 2468
2139 2469
2139 2477
2139 2482
2139 2484
2139 2485
2139 2489
2139 2492
2139 2495
2139 2499
2139 2500
2139 2504
2139 2507
2139 2520
2139 2521
2139 2526
2139 2532
2139 2539
2139 2542
2139 2543
2139 2546
2139 2549
2139 2550
2139 2551
2139 2553
2139 2559
2139 2560
2139 2561
2139 2564
2139 2574
2139 2578
2139 2586
2139 2590
2139 2591
2139 2593
2139 2600
2139 2601
2139 2602
2139 2604
2139 2607
2139 2611
2139 2613
2139 2615
2139 2619
2139 2623
2139 2624
2139 2625
2139 2630
2139 2631
2139 2638
2139 2646
2139 2654
2139 2655
2140 2142
2140 2150
2140 2154
2140 2164
2140 2165
2140 2172
2140 2184
2140 2188
2140 2190
2140 2200
2140 2201
2140 2206
2140 2210
2140 2212
2140 2213
2140 2216
2140 2218
2140 2220
2140 2229
2140 2233
2140 2240
2140 2244
2140 2253
2140 2257
2140 2261
2140 2266
2140 2271
2140 2275
2140 2276
2140 2278
2140 2290
2140 2299
2140 2307
2140 2308
2140 2309
2140 2311
2140 2323
2140 2324
2140 2326
2140 2329
2140 2331
2140 2339
2140 2340
2140 2347
2140 2352
2140 2354
2140 2356
2140 2359
2140 2363
2140 2369
2140 2370
2140 2374
2140 2376
2140 2381
2140 2392
2140 2395
2140 2404
2140 2408
2140 2409
2140 2410
2140 2414
2140 2423
2140 2428
2140 2430
2140 2433
2140 2446
2140 2464
2140 2467
2140 2468
2140 2477
2140 2484
2140 2485
2140 2492
2140 2495
2140 2499
2140 2500
2140 2506
2140 2507
2140 2520
2140 2526
2140 2532
2140 2539
2140 2542
2140 2543
2140 2546
2140 2549
2140 2551
2140 2552
2140 2553
2140 2554
2140 2556
2140 2559
2140 2560
2140 2561
2140 2573
2140 2574
2140 2575
2140 2578
2140 2579
2140 2586
2140 2590
2140 2591
2140 2593
2140 2600
2140 2601
2140 2602
2140 2604
2140 2607
2140 2611
2140 2615
2140 2619
2140 2623
2140 2624
2140 2625
2140 2630
2140 2638
2140 2654
2140 2655
2141 2176
2141 2205
2141 2209
2141 2211
2141 2242
2141 2270
2141 2272
2141 2289
2141 2318
2141 2362
2141 2416
2141 2419
2141 2425
2141 2610
2141 2637
2141 2642
2142 2150
2142 2154
2142 2164
2142 2165
2142 2172
2142 2179
2142 2184
2142 2188
2142 2189
2142 2190
2142 2201
2142 2206
2142 2212
2142 2213
2142 2216
2142 2218
2142 2220
2142 2226
2142 2229
2142 2233
2142 2240
2142 2244
2142 2253
2142 2257
2142 2258
2142 2261
2142 2266
2142 2271
2142 2275
2142 2276
2142 2278
2142 2287
2142 2290
2142 2299
2142 2300
2142 2303
2142 2306
2142 2307
2142 2308
2142 2309
2142 2311
2142 2323
2142 2324
2142 2326
2142 2328
2142 2329
2142 2331
2142 2334
2142 2336
2142 2339
2142 2340
2142 2347
2142 2348
2142 2352
2142 2354
2142 2356
2142 2359
2142 2363
2142 2369
2142 2370
2142 2374
2142 2376
2142 2381
2142 2386
2142 2387
2142 2392
2142 2393
2142 2395
2142 2398
2142 2404
2142 2407
2142 2408
2142 2409
2142 2410
2142 2414
2142 2423
2142 2427
2142 2428
2142 2429
2142 2430
2142 2433
2142 2443
2142 2446
2142 2449
2142 2454
2142 2460
2142 2462
2142 2464
2142 2467
2142 2468
2142 2469
2142 2476
2142 2478
2142 2482
2142 2484
2142 2485
2142 2492
2142 2495
2142 2499
2142 2500
2142 2501
2142 2504
2142 2506
2142 2507
2142 2512
2142 2518
2142 2520
2142 2521
2142 2526
2142 2532
2142 2536
2142 2539
2142 2542
2142 2543
2142 2546
2142 2549
2142 2550
2142 2551
2142 2552
2142 2553
2142 2554
2142 2556
2142 2559
2142 2560
2142 2561
2142 2564
2142 2573
2142 2574
2142 2575
2142 2578
2142 2579
2142 2586
2142 2590
2142 2591
2142 2593
2142 2600
2142 2601
2142 2602
2142 2604
2142 2606
2142 2607
2142 2611
2142 2615
2142 2619
2142 2623
2142 2624
2142 2625
2142 2630
2142 2631
2142 2638
2142 2646
2142 2654
2142 2655
2143 2149
2143 2151
2143 2153
2143 2159
2143 2169
2143 2174
2143 2176
2143 2180
2143 2187
2143 2198
2143 2199
2143 2203
2143 2224
2143 2239
2143 2241
2143 2250
2143 2273
2143 2279
2143 2283
2143 2289
2143 2292
2143 2294
2143 2302
2143 2315
2143 2319
2143 2328
2143 2336
2143 2343
2143 2365
2143 2368
2143 2377
2143 2384
2143 2420
2143 2436
2143 2451
2143 2461
2143 2463
2143 2471
2143 2472
2143 2475
2143 2491
2143 2498
2143 2509
2143 2510
2143 2511
2143 2512
2143 2533
2143 2543
2143 2544
2143 2555
2143 2567
2143 2571
2143 2582
2143 2588
2143 2592
2143 2597
2143 2598
2143 2616
2143 2620
2143 2627
2143 2629
2143 2648
2143 2649
2144 2148
2144 2153
2144 2174
2144 2183
2144 2187
2144 2189
2144 2191
2144 2194
2144 2196
2144 2199
2144 2223
2144 2224
2144 2241
2144 2254
2144 2268
2144 2282
2144 2283
2144 2289
2144 2292
2144 2315
2144 2319
2144 2330
2144 2332
2144 2333
2144 2336
2144 2351
2144 2384
2144 2398
2144 2401
2144 2436
2144 2445
2144 2451
2144 2463
2144 2465
2144 2471
2144 2472
2144 2491
2144 2510
2144 2511
2144 2543
2144 2555
2144 2589
2144 2592
2144 2594
2144 2598
2144 2599
2144 2609
2144 2616
2144 2617
2144 2642
2144 2643
2144 2649
2144 2653
2145 2146
2145 2176
2145 2186
2145 2211
2145 2232
2145 2235
2145 2236
2145 2277
2145 2289
2145 2296
2145 2313
2145 2322
2145 2325
2145 2357
2145 2366
2145 2367
2145 2406
2145 2416
2145 2473
2145 2502
2145 2525
2145 2544
2145 2566
2145 2610
2145 2612
2145 2637
2145 2642
2145 2656
2145 2659
2146 2152
2146 2160
2146 2162
2146 2173
2146 2181
2146 2193
2146 2341
2146 2361
2146 2371
2146 2405
2146 2411
2146 2424
2146 2455
2146 2488
2146 2659
2147 2188
2147 2189
2147 2218
2147 2262
2147 2266
2147 2271
2147 2288
2147 2300
2147 2311
2147 2339
2147 2350
2147 2376
2147 2383
2147 2387
2147 2391
2147 2404
2147 2428
2147 2443
2147 2476
2147 2478
2147 2545
2147 2575
2147 2576
2147 2590
2147 2600
2147 2604
2147 2611
2147 2615
2148 2153
2148 2174
2148 2180
2148 2183
2148 2187
2148 2191
2148 2194
2148 2196
2148 2199
2148 2224
2148 2241
2148 2247
2148 2264
2148 2279
2148 2282
2148 2283
2148 2289
2148 2292
2148 2293
2148 2295
2148 2302
2148 2315
2148 2327
2148 2328
2148 2332
2148 2333
2148 2336
2148 2338
2148 2347
2148 2351
2148 2372
2148 2384
2148 2394
2148 2398
2148 2417
2148 2458
2148 2461
2148 2463
2148 2465
2148 2472
2148 2509
2148 2510
2148 2516
2148 2530
2148 2533
2148 2543
2148 2555
2148 2567
2148 2571
2148 2592
2148 2597
2148 2598
2148 2599
2148 2609
2148 2629
2148 2635
2148 2643
2148 2649
2149 2151
2149 2153
2149 2155
2149 2169
2149 2174
2149 2176
2149 2183
2149 2185
2149 2187
2149 2189
2149 2194
2149 2196
2149 2198
2149 2199
2149 2203
2149 2215
2149 2223
2149 2224
2149 2226
2149 2241
2149 2246
2149 2247
2149 2250
2149 2254
2149 2268
2149 2273
2149 2279
2149 2282
2149 2283
2149 2289
2149 2292
2149 2293
2149 2294
2149 2302
2149 2319
2149 2325
2149 2328
2149 2330
2149 2332
2149 2333
2149 2336
2149 2338
2149 2343
2149 2344
2149 2347
2149 2351
2149 2368
2149 2372
2149 2384
2149 2385
2149 2398
2149 2399
2149 2419
2149 2434
2149 2436
2149 2445
2149 2461
2149 2463
2149 2471
2149 2475
2149 2491
2149 2498
2149 2508
2149 2509
2149 2510
2149 2512
2149 2516
2149 2519
2149 2525
2149 2529
2149 2533
2149 2543
2149 2547
2149 2555
2149 2572
2149 2582
2149 2588
2149 2592
2149 2598
2149 2603
2149 2608
2149 2616
2149 2617
2149 2629
2149 2642
2149 2643
2149 2649
2150 2154
2150 2165
2150 2172
2150 2179
2150 2184
2150 2188
2150 2190
2150 2200
2150 2201
2150 2206
2150 2212
2150 2216
2150 2218
2150 2220
2150 2229
2150 2233
2150 2237
2150 2240
2150 2244
2150 2253
2150 2257
2150 2258
2150 2261
2150 2266
2150 2271
2150 2275
2150 2276
2150 2278
2150 2287
2150 2290
2150 2299
2150 2300
2150 2306
2150 2307
2150 2308
2150 2309
2150 2323
2150 2324
2150 2326
2150 2329
2150 2331
2150 2334
2150 2339
2150 2340
2150 2347
2150 2348
2150 2350
2150 2352
2150 2353
2150 2354
2150 2356
2150 2359
2150 2369
2150 2370
2150 2374
2150 2376
2150 2381
2150 2386
2150 2392
2150 2395
2150 2404
2150 2408
2150 2409
2150 2410
2150 2414
2150 2418
2150 2423
2150 2428
2150 2429
2150 2430
2150 2433
2150 2446
2150 2460
2150 2464
2150 2467
2150 2468
2150 2469
2150 2478
2150 2482
2150 2489
2150 2492
2150 2495
2150 2499
2150 2500
2150 2504
2150 2507
2150 2520
2150 2521
2150 2526
2150 2532
2150 2536
2150 2539
2150 2542
2150 2543
2150 2546
2150 2549
2150 2550
2150 2551
2150 2552
2150 2553
2150 2554
2150 2556
2150 2559
2150 2560
2150 2561
2150 2563
2150 2564
2150 2573
2150 2575
2150 2578
2150 2579
2150 2586
2150 2590
2150 2593
2150 2600
2150 2601
2150 2602
2150 2604
2150 2606
2150 2607
2150 2611
2150 2615
2150 2619
2150 2623
2150 2624
2150 2625
2150 2630
2150 2631
2150 2638
2150 2646
2150 2654
2150 2655
2151 2153
2151 2169
2151 2174
2151 2176
2151 2180
2151 2187
2151 2189
2151 2199
2151 2203
2151 2223
2151 2224
2151 2241
2151 2246
2151 2247
2151 2250
2151 2267
2151 2273
2151 2289
2151 2292
2151 2294
2151 2319
2151 2328
2151 2336
2151 2338
2151 2343
2151 2344
2151 2347
2151 2351
2151 2368
2151 2377
2151 2384
2151 2399
2151 2419
2151 2436
2151 2461
2151 2463
2151 2468
2151 2471
2151 2475
2151 2498
2151 2509
2151 2510
2151 2512
2151 2522
2151 2543
2151 2567
2151 2582
2151 2588
2151 2589
2151 2598
2151 2616
2151 2629
2151 2642
2151 2649
2152 2231
2152 2236
2152 2248
2152 2357
2152 2373
2152 2388
2152 2405
2153 2169
2153 2174
2153 2176
2153 2180
2153 2183
2153 2187
2153 2191
2153 2194
2153 2196
2153 2199
2153 2203
2153 2215
2153 2223
2153 2224
2153 2233
2153 2241
2153 2246
2153 2247
2153 2250
2153 2254
2153 2264
2153 2267
2153 2268
2153 2273
2153 2279
2153 2282
2153 2283
2153 2289
2153 2292
2153 2293
2153 2294
2153 2302
2153 2315
2153 2319
2153 2325
2153 2327
2153 2328
2153 2332
2153 2333
2153 2336
2153 2338
2153 2343
2153 2344
2153 2347
2153 2351
2153 2372
2153 2377
2153 2384
2153 2385
2153 2396
2153 2398
2153 2419
2153 2420
2153 2434
2153 2451
2153 2461
2153 2463
2153 2465
2153 2468
2153 2471
2153 2472
2153 2475
2153 2491
2153 2496
2153 2498
2153 2508
2153 2509
2153 2510
2153 2511
2153 2533
2153 2543
2153 2547
2153 2555
2153 2567
2153 2582
2153 2588
2153 2592
2153 2594
2153 2597
2153 2598
2153 2599
2153 2608
2153 2609
2153 2616
2153 2617
2153 2629
2153 2642
2153 2643
2153 2653
2154 2165
2154 2172
2154 2179
2154 2184
2154 2188
2154 2190
2154 2200
2154 2201
2154 2206
2154 2212
2154 2213
2154 2216
2154 2218
2154 2220
2154 2229
2154 2233
2154 2237
2154 2240
2154 2244
2154 2253
2154 2257
2154 2266
2154 2271
2154 2275
2154 2276
2154 2278
2154 2290
2154 2299
2154 2306
2154 2307
2154 2308
2154 2309
2154 2323
2154 2324
2154 2326
2154 2329
2154 2334
2154 2339
2154 2340
2154 2347
2154 2352
2154 2354
2154 2356
2154 2359
2154 2363
2154 2369
2154 2370
2154 2374
2154 2376
2154 2381
2154 2386
2154 2391
2154 2395
2154 2404
2154 2407
2154 2408
2154 2409
2154 2410
2154 2414
2154 2418
2154 2423
2154 2428
2154 2429
2154 2430
2154 2460
2154 2464
2154 2467
2154 2468
2154 2469
2154 2477
2154 2478
2154 2482
2154 2484
2154 2485
2154 2489
2154 2492
2154 2500
2154 2504
2154 2507
2154 2526
2154 2542
2154 2546
2154 2549
2154 2553
2154 2556
2154 2559
2154 2564
2154 2573
2154 2578
2154 2579
2154 2586
2154 2590
2154 2593
2154 2600
2154 2601
2154 2602
2154 2604
2154 2607
2154 2611
2154 2615
2154 2623
2154 2624
2154 2625
2154 2630
2154 2638
2154 2646
2154 2654
2154 2655
2155 2176
2155 2209
2155 2221
2155 2226
2155 2235
2155 2246
2155 2247
2155 2270
2155 2273
2155 2283
2155 2289
2155 2310
2155 2318
2155 2325
2155 2328
2155 2343
2155 2344
2155 2368
2155 2416
2155 2419
2155 2425
2155 2438
2155 2475
2155 2491
2155 2498
2155 2501
2155 2525
2155 2557
2155 2603
2155 2608
2155 2610
2155 2641
2155 2642
2156 2160
2156 2162
2156 2173
2156 2197
2156 2231
2156 2251
2156 2322
2156 2341
2156 2360
2156 2388
2156 2412
2156 2424
2156 2455
2156 2577
2156 2587
2156 2659
2157 2171
2157 2192
2157 2202
2157 2225
2157 2268
2157 2337
2157 2364
2157 2365
2157 2378
2157 2417
2157 2447
2157 2459
2157 2538
2157 2583
2157 2636
2157 2640
2157 2645
2157 2648
2158 2228
2158 2231
2158 2335
2158 2411
2158 2474
2158 2488
2158 2523
2159 2171
2159 2192
2159 2202
2159 2225
2159 2284
2159 2297
2159 2346
2159 2364
2159 2365
2159 2538
2159 2583
2159 2585
2159 2620
2159 2626
2159 2627
2159 2633
2159 2640
2159 2648
2159 2657
2159 2659
2160 2238
2160 2251
2160 2260
2160 2313
2160 2341
2160 2360
2160 2361
2160 2405
2160 2412
2160 2455
2160 2577
2160 2587
2160 2659
2161 2194
2161 2199
2161 2221
2161 2222
2161 2232
2161 2235
2161 2243
2161 2259
2161 2264
2161 2267
2161 2280
2161 2282
2161 2292
2161 2294
2161 2304
2161 2327
2161 2328
2161 2333
2161 2336
2161 2338
2161 2344
2161 2367
2161 2379
2161 2384
2161 2390
2161 2394
2161 2396
2161 2415
2161 2417
2161 2434
2161 2438
2161 2451
2161 2458
2161 2471
2161 2473
2161 2475
2161 2479
2161 2491
2161 2501
2161 2508
2161 2509
2161 2511
2161 2522
2161 2537
2161 2543
2161 2547
2161 2555
2161 2592
2161 2594
2161 2597
2161 2598
2161 2603
2161 2608
2161 2617
2161 2649
2161 2652
2162 2173
2162 2238
2162 2313
2162 2325
2162 2341
2162 2371
2162 2405
2162 2540
2163 2183
2163 2198
2163 2223
2163 2224
2163 2242
2163 2283
2163 2328
2163 2344
2163 2368
2163 2395
2163 2399
2163 2502
2163 2516
2163 2519
2163 2543
2163 2582
2163 2643
2163 2649
2164 2165
2164 2172
2164 2188
2164 2200
2164 2201
2164 2206
2164 2220
2164 2229
2164 2233
2164 2253
2164 2257
2164 2266
2164 2271
2164 2276
2164 2278
2164 2290
2164 2300
2164 2306
2164 2323
2164 2324
2164 2340
2164 2348
2164 2352
2164 2363
2164 2369
2164 2376
2164 2381
2164 2404
2164 2423
2164 2428
2164 2433
2164 2462
2164 2464
2164 2468
2164 2484
2164 2492
2164 2495
2164 2507
2164 2520
2164 2526
2164 2536
2164 2542
2164 2551
2164 2559
2164 2560
2164 2561
2164 2563
2164 2575
2164 2579
2164 2586
2164 2590
2164 2591
2164 2593
2164 2600
2164 2601
2164 2604
2164 2607
2164 2611
2164 2613
2164 2615
2164 2624
2164 2625
2164 2630
2164 2638
2165 2172
2165 2188
2165 2190
2165 2201
2165 2206
2165 2212
2165 2213
2165 2218
2165 2220
2165 2229
2165 2233
2165 2240
2165 2244
2165 2257
2165 2261
2165 2266
2165 2271
2165 2275
2165 2276
2165 2278
2165 2290
2165 2299
2165 2300
2165 2309
2165 2323
2165 2324
2165 2329
2165 2340
2165 2347
2165 2352
2165 2369
2165 2376
2165 2381
2165 2404
2165 2408
2165 2410
2165 2414
2165 2423
2165 2449
2165 2460
2165 2462
2165 2464
2165 2468
2165 2484
2165 2485
2165 2492
2165 2495
2165 2499
2165 2500
2165 2504
2165 2507
2165 2520
2165 2524
2165 2526
2165 2536
2165 2542
2165 2543
2165 2546
2165 2551
2165 2552
2165 2553
2165 2559
2165 2560
2165 2563
2165 2573
2165 2574
2165 2578
2165 2579
2165 2586
2165 2590
2165 2591
2165 2593
2165 2600
2165 2601
2165 2602
2165 2604
2165 2607
2165 2611
2165 2615
2165 2619
2165 2623
2165 2624
2165 2625
2165 2630
2165 2655
2166 2289
2166 2335
2166 2361
2166 2371
2166 2405
2167 2281
2167 2487
2167 2535
2168 2421
2169 2174
2169 2176
2169 2180
2169 2183
2169 2187
2169 2189
2169 2194
2169 2196
2169 2198
2169 2199
2169 2203
2169 2224
2169 2246
2169 2247
2169 2249
2169 2250
2169 2273
2169 2279
2169 2283
2169 2289
2169 2292
2169 2294
2169 2295
2169 2302
2169 2304
2169 2327
2169 2328
2169 2332
2169 2336
2169 2338
2169 2343
2169 2344
2169 2347
2169 2368
2169 2372
2169 2377
2169 2384
2169 2385
2169 2398
2169 2399
2169 2419
2169 2434
2169 2436
2169 2451
2169 2461
2169 2463
2169 2471
2169 2472
2169 2475
2169 2491
2169 2498
2169 2502
2169 2509
2169 2511
2169 2512
2169 2516
2169 2519
2169 2582
2169 2588
2169 2589
2169 2592
2169 2598
2169 2608
2169 2616
2169 2617
2169 2629
2169 2642
2169 2643
2169 2649
2170 2207
2170 2255
2170 2320
2170 2349
2170 2399
2170 2401
2170 2426
2170 2444
2170 2466
2170 2486
2170 2490
2170 2513
2170 2622
2170 2650
2171 2192
2171 2202
2171 2225
2171 2268
2171 2284
2171 2297
2171 2337
2171 2346
2171 2364
2171 2365
2171 2378
2171 2417
2171 2435
2171 2447
2171 2459
2171 2494
2171 2538
2171 2583
2171 2620
2171 2627
2171 2633
2171 2636
2171 2639
2171 2640
2171 2645
2171 2647
2171 2648
2171 2657
2171 2658
2171 2660
2172 2179
2172 2184
2172 2188
2172 2190
2172 2200
2172 2201
2172 2206
2172 2210
2172 2212
2172 2216
2172 2218
2172 2220
2172 2229
2172 2233
2172 2237
2172 2240
2172 2244
2172 2257
2172 2258
2172 2261
2172 2266
2172 2271
2172 2275
2172 2276
2172 2278
2172 2290
2172 2299
2172 2300
2172 2307
2172 2308
2172 2309
2172 2311
2172 2323
2172 2324
2172 2326
2172 2329
2172 2331
2172 2339
2172 2340
2172 2347
2172 2348
2172 2350
2172 2352
2172 2353
2172 2354
2172 2356
2172 2359
2172 2363
2172 2369
2172 2370
2172 2374
2172 2376
2172 2381
2172 2386
2172 2391
2172 2395
2172 2404
2172 2407
2172 2408
2172 2409
2172 2410
2172 2414
2172 2418
2172 2428
2172 2430
2172 2433
2172 2446
2172 2460
2172 2462
2172 2464
2172 2467
2172 2468
2172 2469
2172 2478
2172 2482
2172 2484
2172 2485
2172 2489
2172 2492
2172 2495
2172 2499
2172 2500
2172 2504
2172 2506
2172 2507
2172 2520
2172 2521
2172 2526
2172 2532
2172 2536
2172 2539
2172 2542
2172 2543
2172 2546
2172 2549
2172 2550
2172 2552
2172 2553
2172 2554
2172 2556
2172 2559
2172 2560
2172 2561
2172 2563
2172 2564
2172 2573
2172 2574
2172 2578
2172 2579
2172 2586
2172 2590
2172 2591
2172 2593
2172 2600
2172 2601
2172 2602
2172 2604
2172 2607
2172 2611
2172 2615
2172 2619
2172 2623
2172 2624
2172 2625
2172 2630
2172 2631
2172 2646
2172 2654
2172 2655
2173 2248
2173 2251
2173 2260
2173 2286
2173 2314
2173 2335
2173 2341
2173 2357
2173 2403
2173 2405
2173 2411
2173 2412
2173 2497
2173 2503
2173 2534
2173 2540
2174 2176
2174 2180
2174 2183
2174 2187
2174 2189
2174 2194
2174 2199
2174 2203
2174 2209
2174 2211
2174 2223
2174 2224
2174 2239
2174 2241
2174 2242
2174 2246
2174 2247
2174 2249
2174 2250
2174 2254
2174 2264
2174 2267
2174 2268
2174 2279
2174 2283
2174 2285
2174 2289
2174 2292
2174 2294
2174 2296
2174 2319
2174 2325
2174 2327
2174 2328
2174 2330
2174 2336
2174 2338
2174 2343
2174 2368
2174 2372
2174 2377
2174 2384
2174 2398
2174 2419
2174 2434
2174 2436
2174 2445
2174 2451
2174 2458
2174 2461
2174 2463
2174 2471
2174 2475
2174 2491
2174 2498
2174 2508
2174 2509
2174 2510
2174 2511
2174 2512
2174 2537
2174 2547
2174 2581
2174 2582
2174 2588
2174 2589
2174 2594
2174 2598
2174 2608
2174 2610
2174 2612
2174 2616
2174 2617
2174 2643
2174 2649
2174 2653
2175 2176
2175 2286
2175 2289
2175 2642
2176 2180
2176 2185
2176 2187
2176 2194
2176 2196
2176 2199
2176 2203
2176 2209
2176 2211
2176 2224
2176 2235
2176 2241
2176 2242
2176 2246
2176 2247
2176 2250
2176 2254
2176 2264
2176 2267
2176 2272
2176 2273
2176 2282
2176 2289
2176 2292
2176 2294
2176 2304
2176 2310
2176 2318
2176 2322
2176 2325
2176 2328
2176 2333
2176 2336
2176 2343
2176 2344
2176 2351
2176 2362
2176 2366
2176 2372
2176 2377
2176 2384
2176 2406
2176 2416
2176 2419
2176 2425
2176 2453
2176 2461
2176 2463
2176 2471
2176 2475
2176 2480
2176 2498
2176 2509
2176 2512
2176 2522
2176 2525
2176 2543
2176 2555
2176 2557
2176 2567
2176 2582
2176 2588
2176 2592
2176 2594
2176 2598
2176 2603
2176 2608
2176 2610
2176 2616
2176 2637
2176 2642
2176 2649
2177 2252
2177 2282
2177 2294
2177 2304
2177 2325
2177 2328
2177 2333
2177 2451
2177 2509
2178 2316
2178 2321
2179 2184
2179 2188
2179 2200
2179 2206
2179 2212
2179 2216
2179 2218
2179 2220
2179 2229
2179 2233
2179 2240
2179 2244
2179 2257
2179 2266
2179 2271
2179 2278
2179 2290
2179 2300
2179 2307
2179 2308
2179 2309
2179 2311
2179 2324
2179 2331
2179 2334
2179 2347
2179 2352
2179 2354
2179 2356
2179 2359
2179 2363
2179 2376
2179 2381
2179 2404
2179 2414
2179 2423
2179 2430
2179 2464
2179 2477
2179 2484
2179 2485
2179 2495
2179 2504
2179 2507
2179 2539
2179 2546
2179 2553
2179 2556
2179 2563
2179 2575
2179 2590
2179 2600
2179 2601
2179 2602
2179 2604
2179 2607
2179 2611
2179 2613
2179 2625
2179 2638
2179 2654
2180 2183
2180 2187
2180 2189
2180 2191
2180 2194
2180 2199
2180 2203
2180 2215
2180 2224
2180 2241
2180 2246
2180 2247
2180 2250
2180 2254
2180 2264
2180 2267
2180 2268
2180 2279
2180 2282
2180 2283
2180 2285
2180 2289
2180 2292
2180 2294
2180 2302
2180 2304
2180 2327
2180 2328
2180 2330
2180 2332
2180 2336
2180 2338
2180 2344
2180 2347
2180 2351
2180 2368
2180 2372
2180 2377
2180 2384
2180 2385
2180 2398
2180 2417
2180 2420
2180 2434
2180 2436
2180 2451
2180 2458
2180 2461
2180 2465
2180 2472
2180 2491
2180 2496
2180 2498
2180 2508
2180 2509
2180 2510
2180 2511
2180 2516
2180 2543
2180 2547
2180 2555
2180 2567
2180 2588
2180 2589
2180 2592
2180 2597
2180 2598
2180 2617
2180 2629
2180 2642
2180 2643
2180 2649
2180 2653
2181 2357
2181 2371
2181 2373
2181 2405
2181 2412
2181 2440
2181 2497
2181 2562
2181 2587
2181 2644
2181 2656
2182 2242
2182 2452
2182 2480
2182 2610
2182 2642
2183 2187
2183 2191
2183 2194
2183 2196
2183 2199
2183 2215
2183 2223
2183 2224
2183 2241
2183 2246
2183 2247
2183 2264
2183 2267
2183 2273
2183 2279
2183 2282
2183 2283
2183 2289
2183 2292
2183 2293
2183 2294
2183 2302
2183 2315
2183 2319
2183 2327
2183 2328
2183 2332
2183 2333
2183 2336
2183 2338
2183 2344
2183 2345
2183 2347
2183 2351
2183 2367
2183 2368
2183 2372
2183 2384
2183 2385
2183 2394
2183 2398
2183 2420
2183 2434
2183 2436
2183 2451
2183 2458
2183 2461
2183 2465
2183 2468
2183 2471
2183 2472
2183 2475
2183 2491
2183 2508
2183 2509
2183 2510
2183 2511
2183 2516
2183 2518
2183 2529
2183 2533
2183 2537
2183 2543
2183 2555
2183 2567
2183 2582
2183 2589
2183 2592
2183 2594
2183 2597
2183 2598
2183 2608
2183 2609
2183 2617
