2243 2617
2243 2652
2244 2253
2244 2257
2244 2266
2244 2271
2244 2275
2244 2276
2244 2278
2244 2287
2244 2290
2244 2299
2244 2306
2244 2307
2244 2308
2244 2309
2244 2323
2244 2324
2244 2326
2244 2329
2244 2331
2244 2334
2244 2339
2244 2340
2244 2347
2244 2348
2244 2352
2244 2353
2244 2354
2244 2356
2244 2359
2244 2363
2244 2369
2244 2370
2244 2374
2244 2376
2244 2381
2244 2386
2244 2391
2244 2392
2244 2395
2244 2404
2244 2407
2244 2408
2244 2409
2244 2410
2244 2414
2244 2418
2244 2423
2244 2428
2244 2429
2244 2430
2244 2433
2244 2446
2244 2460
2244 2462
2244 2464
2244 2467
2244 2468
2244 2469
2244 2477
2244 2482
2244 2484
2244 2485
2244 2489
2244 2492
2244 2495
2244 2499
2244 2500
2244 2504
2244 2506
2244 2507
2244 2520
2244 2521
2244 2526
2244 2539
2244 2542
2244 2543
2244 2546
2244 2549
2244 2550
2244 2551
2244 2552
2244 2553
2244 2554
2244 2556
2244 2559
2244 2560
2244 2561
2244 2564
2244 2573
2244 2575
2244 2576
2244 2578
2244 2579
2244 2586
2244 2590
2244 2591
2244 2593
2244 2600
2244 2601
2244 2602
2244 2604
2244 2606
2244 2607
2244 2611
2244 2615
2244 2619
2244 2623
2244 2624
2244 2625
2244 2630
2244 2631
2244 2638
2244 2646
2244 2654
2244 2655
2245 2281
2245 2301
2245 2487
2245 2535
2246 2247
2246 2268
2246 2273
2246 2282
2246 2283
2246 2289
2246 2294
2246 2302
2246 2304
2246 2328
2246 2333
2246 2343
2246 2344
2246 2347
2246 2351
2246 2355
2246 2368
2246 2377
2246 2384
2246 2389
2246 2419
2246 2434
2246 2438
2246 2461
2246 2463
2246 2471
2246 2475
2246 2491
2246 2498
2246 2509
2246 2510
2246 2511
2246 2512
2246 2518
2246 2543
2246 2555
2246 2567
2246 2582
2246 2588
2246 2592
2246 2598
2246 2616
2246 2617
2246 2629
2246 2641
2246 2642
2246 2643
2247 2254
2247 2267
2247 2273
2247 2282
2247 2283
2247 2285
2247 2289
2247 2292
2247 2294
2247 2302
2247 2304
2247 2327
2247 2328
2247 2332
2247 2333
2247 2336
2247 2343
2247 2344
2247 2347
2247 2355
2247 2362
2247 2368
2247 2377
2247 2384
2247 2389
2247 2398
2247 2399
2247 2413
2247 2419
2247 2434
2247 2458
2247 2461
2247 2463
2247 2471
2247 2475
2247 2480
2247 2491
2247 2496
2247 2498
2247 2509
2247 2510
2247 2511
2247 2516
2247 2518
2247 2529
2247 2537
2247 2543
2247 2555
2247 2567
2247 2582
2247 2588
2247 2592
2247 2594
2247 2597
2247 2598
2247 2603
2247 2608
2247 2610
2247 2616
2247 2629
2247 2641
2247 2642
2247 2643
2248 2286
2248 2314
2248 2335
2248 2397
2248 2405
2248 2497
2248 2503
2248 2534
2248 2644
2249 2250
2249 2268
2249 2279
2249 2313
2249 2332
2249 2336
2249 2372
2249 2434
2249 2491
2249 2558
2249 2589
2250 2268
2250 2273
2250 2279
2250 2289
2250 2294
2250 2302
2250 2312
2250 2319
2250 2328
2250 2332
2250 2333
2250 2343
2250 2344
2250 2347
2250 2355
2250 2368
2250 2372
2250 2384
2250 2389
2250 2398
2250 2399
2250 2400
2250 2413
2250 2419
2250 2436
2250 2445
2250 2461
2250 2463
2250 2471
2250 2473
2250 2475
2250 2491
2250 2498
2250 2502
2250 2508
2250 2509
2250 2511
2250 2512
2250 2516
2250 2519
2250 2529
2250 2531
2250 2533
2250 2543
2250 2555
2250 2567
2250 2582
2250 2588
2250 2597
2250 2598
2250 2616
2250 2617
2250 2629
2250 2642
2250 2643
2250 2649
2251 2313
2251 2618
2251 2644
2252 2282
2252 2294
2252 2304
2252 2328
2252 2333
2252 2509
2253 2257
2253 2266
2253 2275
2253 2278
2253 2290
2253 2300
2253 2306
2253 2307
2253 2308
2253 2309
2253 2311
2253 2324
2253 2326
2253 2329
2253 2331
2253 2334
2253 2339
2253 2340
2253 2347
2253 2348
2253 2352
2253 2354
2253 2356
2253 2359
2253 2363
2253 2369
2253 2370
2253 2374
2253 2386
2253 2395
2253 2407
2253 2408
2253 2409
2253 2410
2253 2414
2253 2428
2253 2430
2253 2433
2253 2446
2253 2449
2253 2460
2253 2464
2253 2467
2253 2468
2253 2469
2253 2477
2253 2482
2253 2484
2253 2485
2253 2489
2253 2492
2253 2500
2253 2504
2253 2507
2253 2520
2253 2521
2253 2526
2253 2532
2253 2536
2253 2539
2253 2542
2253 2543
2253 2546
2253 2549
2253 2550
2253 2552
2253 2553
2253 2556
2253 2559
2253 2560
2253 2561
2253 2563
2253 2564
2253 2573
2253 2578
2253 2586
2253 2593
2253 2601
2253 2602
2253 2604
2253 2606
2253 2607
2253 2615
2253 2619
2253 2624
2253 2625
2253 2630
2253 2631
2253 2638
2253 2654
2253 2655
2254 2264
2254 2267
2254 2268
2254 2279
2254 2282
2254 2285
2254 2289
2254 2319
2254 2327
2254 2328
2254 2330
2254 2336
2254 2343
2254 2344
2254 2372
2254 2385
2254 2396
2254 2398
2254 2419
2254 2436
2254 2445
2254 2451
2254 2458
2254 2463
2254 2471
2254 2475
2254 2491
2254 2498
2254 2508
2254 2509
2254 2510
2254 2511
2254 2512
2254 2547
2254 2589
2254 2594
2254 2598
2254 2608
2254 2616
2254 2617
2254 2649
2254 2653
2255 2320
2255 2453
2255 2466
2255 2486
2255 2650
2256 2265
2256 2291
2257 2258
2257 2266
2257 2271
2257 2275
2257 2276
2257 2278
2257 2290
2257 2299
2257 2307
2257 2308
2257 2309
2257 2323
2257 2324
2257 2326
2257 2331
2257 2339
2257 2340
2257 2347
2257 2352
2257 2353
2257 2354
2257 2356
2257 2359
2257 2363
2257 2369
2257 2370
2257 2374
2257 2376
2257 2381
2257 2386
2257 2392
2257 2404
2257 2409
2257 2410
2257 2414
2257 2418
2257 2423
2257 2428
2257 2429
2257 2446
2257 2462
2257 2464
2257 2469
2257 2477
2257 2478
2257 2485
2257 2489
2257 2492
2257 2500
2257 2504
2257 2506
2257 2507
2257 2520
2257 2526
2257 2536
2257 2539
2257 2542
2257 2543
2257 2549
2257 2551
2257 2553
2257 2554
2257 2556
2257 2559
2257 2563
2257 2564
2257 2573
2257 2575
2257 2576
2257 2578
2257 2586
2257 2590
2257 2593
2257 2601
2257 2602
2257 2604
2257 2607
2257 2611
2257 2615
2257 2619
2257 2623
2257 2624
2257 2630
2257 2631
2257 2638
2257 2646
2257 2654
2258 2266
2258 2311
2258 2326
2258 2329
2258 2354
2258 2356
2258 2369
2258 2376
2258 2393
2258 2404
2258 2408
2258 2409
2258 2410
2258 2428
2258 2468
2258 2477
2258 2478
2258 2504
2258 2507
2258 2520
2258 2521
2258 2542
2258 2549
2258 2559
2258 2560
2258 2564
2258 2575
2258 2611
2258 2646
2259 2268
2259 2280
2259 2327
2259 2333
2259 2336
2259 2345
2259 2347
2259 2372
2259 2379
2259 2384
2259 2394
2259 2398
2259 2401
2259 2417
2259 2420
2259 2443
2259 2445
2259 2451
2259 2468
2259 2471
2259 2473
2259 2475
2259 2490
2259 2491
2259 2508
2259 2537
2259 2543
2259 2592
2259 2594
2259 2598
2259 2608
2259 2635
2259 2649
2260 2289
2260 2341
2260 2397
2260 2412
2260 2659
2261 2266
2261 2271
2261 2276
2261 2290
2261 2299
2261 2300
2261 2323
2261 2324
2261 2326
2261 2331
2261 2339
2261 2340
2261 2347
2261 2352
2261 2353
2261 2356
2261 2359
2261 2369
2261 2370
2261 2376
2261 2381
2261 2392
2261 2408
2261 2409
2261 2410
2261 2414
2261 2423
2261 2428
2261 2464
2261 2468
2261 2484
2261 2485
2261 2492
2261 2495
2261 2499
2261 2500
2261 2504
2261 2506
2261 2507
2261 2521
2261 2539
2261 2542
2261 2543
2261 2551
2261 2553
2261 2556
2261 2560
2261 2564
2261 2574
2261 2575
2261 2578
2261 2586
2261 2590
2261 2591
2261 2593
2261 2600
2261 2601
2261 2602
2261 2604
2261 2607
2261 2611
2261 2615
2261 2619
2261 2624
2261 2625
2261 2630
2261 2638
2261 2654
2261 2655
2262 2266
2262 2300
2262 2350
2262 2387
2262 2391
2262 2506
2262 2545
2262 2576
2263 2313
2263 2431
2263 2528
2263 2558
2263 2621
2264 2267
2264 2273
2264 2280
2264 2282
2264 2294
2264 2302
2264 2327
2264 2333
2264 2338
2264 2344
2264 2347
2264 2368
2264 2372
2264 2377
2264 2379
2264 2385
2264 2394
2264 2396
2264 2417
2264 2458
2264 2461
2264 2463
2264 2465
2264 2472
2264 2473
2264 2498
2264 2510
2264 2537
2264 2547
2264 2588
2264 2592
2264 2597
2265 2291
2265 2406
2265 2566
2266 2271
2266 2275
2266 2276
2266 2278
2266 2287
2266 2288
2266 2290
2266 2292
2266 2299
2266 2300
2266 2303
2266 2306
2266 2307
2266 2308
2266 2309
2266 2311
2266 2323
2266 2324
2266 2326
2266 2329
2266 2331
2266 2334
2266 2336
2266 2339
2266 2340
2266 2347
2266 2348
2266 2350
2266 2352
2266 2353
2266 2354
2266 2356
2266 2359
2266 2363
2266 2369
2266 2370
2266 2374
2266 2376
2266 2381
2266 2386
2266 2387
2266 2391
2266 2392
2266 2393
2266 2395
2266 2404
2266 2407
2266 2408
2266 2409
2266 2410
2266 2414
2266 2418
2266 2423
2266 2427
2266 2428
2266 2429
2266 2430
2266 2433
2266 2443
2266 2446
2266 2449
2266 2454
2266 2460
2266 2462
2266 2464
2266 2467
2266 2468
2266 2469
2266 2476
2266 2477
2266 2478
2266 2482
2266 2484
2266 2485
2266 2489
2266 2492
2266 2499
2266 2500
2266 2501
2266 2504
2266 2506
2266 2507
2266 2512
2266 2518
2266 2520
2266 2521
2266 2526
2266 2532
2266 2536
2266 2539
2266 2542
2266 2543
2266 2546
2266 2549
2266 2550
2266 2551
2266 2552
2266 2553
2266 2554
2266 2556
2266 2559
2266 2560
2266 2561
2266 2563
2266 2564
2266 2573
2266 2574
2266 2575
2266 2576
2266 2578
2266 2579
2266 2586
2266 2590
2266 2591
2266 2593
2266 2600
2266 2601
2266 2602
2266 2604
2266 2606
2266 2607
2266 2611
2266 2615
2266 2619
2266 2623
2266 2624
2266 2625
2266 2630
2266 2631
2266 2638
2266 2646
2266 2654
2266 2655
2267 2268
2267 2273
2267 2282
2267 2283
2267 2285
2267 2292
2267 2293
2267 2294
2267 2302
2267 2304
2267 2325
2267 2336
2267 2338
2267 2351
2267 2377
2267 2384
2267 2385
2267 2394
2267 2458
2267 2461
2267 2463
2267 2472
2267 2473
2267 2475
2267 2502
2267 2509
2267 2510
2267 2511
2267 2529
2267 2537
2267 2547
2267 2555
2267 2567
2267 2589
2267 2592
2267 2617
2267 2642
2267 2653
2268 2279
2268 2283
2268 2285
2268 2289
2268 2292
2268 2302
2268 2319
2268 2327
2268 2330
2268 2336
2268 2364
2268 2372
2268 2378
2268 2384
2268 2385
2268 2394
2268 2398
2268 2406
2268 2417
2268 2419
2268 2436
2268 2445
2268 2447
2268 2451
2268 2458
2268 2459
2268 2463
2268 2471
2268 2491
2268 2498
2268 2502
2268 2508
2268 2510
2268 2511
2268 2512
2268 2516
2268 2530
2268 2533
2268 2538
2268 2543
2268 2544
2268 2547
2268 2555
2268 2567
2268 2571
2268 2582
2268 2583
2268 2588
2268 2589
2268 2592
2268 2594
2268 2597
2268 2598
2268 2608
2268 2616
2268 2617
2268 2629
2268 2635
2268 2640
2268 2642
2268 2645
2268 2649
2268 2660
2270 2318
2270 2416
2270 2425
2270 2525
2270 2557
2270 2610
2270 2641
2270 2642
2271 2275
2271 2276
2271 2278
2271 2290
2271 2300
2271 2307
2271 2308
2271 2309
2271 2323
2271 2324
2271 2326
2271 2329
2271 2331
2271 2334
2271 2339
2271 2340
2271 2347
2271 2348
2271 2350
2271 2352
2271 2354
2271 2356
2271 2359
2271 2363
2271 2369
2271 2370
2271 2374
2271 2376
2271 2381
2271 2395
2271 2404
2271 2408
2271 2409
2271 2410
2271 2414
2271 2418
2271 2423
2271 2430
2271 2433
2271 2446
2271 2460
2271 2464
2271 2467
2271 2468
2271 2469
2271 2477
2271 2482
2271 2485
2271 2492
2271 2495
2271 2500
2271 2507
2271 2520
2271 2526
2271 2532
2271 2539
2271 2542
2271 2543
2271 2549
2271 2550
2271 2551
2271 2553
2271 2554
2271 2556
2271 2559
2271 2560
2271 2561
2271 2564
2271 2573
2271 2574
2271 2575
2271 2578
2271 2579
2271 2586
2271 2590
2271 2593
2271 2601
2271 2602
2271 2604
2271 2607
2271 2611
2271 2615
2271 2619
2271 2623
2271 2624
2271 2625
2271 2630
2271 2631
2271 2638
2271 2654
2271 2655
2272 2289
2272 2310
2272 2318
2272 2325
2272 2362
2272 2416
2272 2419
2272 2432
2272 2480
2272 2525
2272 2540
2272 2610
2272 2637
2272 2642
2273 2282
2273 2283
2273 2285
2273 2289
2273 2292
2273 2294
2273 2302
2273 2327
2273 2328
2273 2333
2273 2343
2273 2344
2273 2347
2273 2351
2273 2377
2273 2384
2273 2399
2273 2419
2273 2461
2273 2463
2273 2471
2273 2475
2273 2498
2273 2509
2273 2512
2273 2516
2273 2518
2273 2519
2273 2555
2273 2567
2273 2582
2273 2588
2273 2598
2273 2608
2273 2616
2273 2629
2273 2643
2273 2649
2274 2328
2274 2333
2274 2344
2274 2351
2274 2377
2274 2384
2274 2390
2274 2396
2274 2415
2274 2434
2274 2438
2274 2479
2274 2509
2274 2511
2274 2568
2274 2603
2274 2652
2275 2276
2275 2290
2275 2299
2275 2306
2275 2307
2275 2308
2275 2309
2275 2323
2275 2324
2275 2326
2275 2329
2275 2331
2275 2339
2275 2340
2275 2347
2275 2348
2275 2352
2275 2354
2275 2356
2275 2359
2275 2363
2275 2369
2275 2370
2275 2374
2275 2376
2275 2381
2275 2386
2275 2391
2275 2392
2275 2395
2275 2404
2275 2408
2275 2409
2275 2410
2275 2414
2275 2418
2275 2423
2275 2428
2275 2429
2275 2430
2275 2433
2275 2460
2275 2462
2275 2464
2275 2467
2275 2469
2275 2477
2275 2482
2275 2484
2275 2489
2275 2492
2275 2495
2275 2500
2275 2504
2275 2506
2275 2507
2275 2520
2275 2521
2275 2526
2275 2532
2275 2539
2275 2542
2275 2543
2275 2546
2275 2549
2275 2550
2275 2551
2275 2552
2275 2553
2275 2554
2275 2559
2275 2560
2275 2561
2275 2563
2275 2564
2275 2573
2275 2574
2275 2578
2275 2579
2275 2586
2275 2590
2275 2593
2275 2600
2275 2601
2275 2602
2275 2604
2275 2607
2275 2611
2275 2613
2275 2615
2275 2619
2275 2623
2275 2624
2275 2625
2275 2630
2275 2631
2275 2638
2275 2654
2275 2655
2276 2278
2276 2290
2276 2299
2276 2307
2276 2309
2276 2311
2276 2323
2276 2324
2276 2329
2276 2331
2276 2339
2276 2340
2276 2347
2276 2348
2276 2352
2276 2354
2276 2363
2276 2369
2276 2370
2276 2374
2276 2376
2276 2381
2276 2386
2276 2395
2276 2404
2276 2408
2276 2409
2276 2410
2276 2414
2276 2418
2276 2423
2276 2460
2276 2462
2276 2464
2276 2467
2276 2469
2276 2484
2276 2485
2276 2492
2276 2495
2276 2499
2276 2500
2276 2506
2276 2507
2276 2526
2276 2532
2276 2536
2276 2542
2276 2543
2276 2546
2276 2549
2276 2550
2276 2551
2276 2552
2276 2553
2276 2554
2276 2559
2276 2560
2276 2561
2276 2563
2276 2564
2276 2573
2276 2574
2276 2586
2276 2590
2276 2591
2276 2593
2276 2600
2276 2601
2276 2602
2276 2604
2276 2606
2276 2611
2276 2615
2276 2624
2276 2625
2276 2630
2276 2638
2276 2646
2276 2654
2276 2655
2277 2335
2277 2357
2277 2373
2277 2411
2277 2474
2277 2488
2277 2497
2277 2656
2278 2287
2278 2290
2278 2300
2278 2303
2278 2306
2278 2307
2278 2308
2278 2309
2278 2323
2278 2324
2278 2326
2278 2329
2278 2331
2278 2339
2278 2340
2278 2347
2278 2348
2278 2352
2278 2354
2278 2356
2278 2359
2278 2363
2278 2369
2278 2370
2278 2374
2278 2376
2278 2392
2278 2395
2278 2404
2278 2408
2278 2409
2278 2410
2278 2414
2278 2423
2278 2428
2278 2433
2278 2446
2278 2460
2278 2462
2278 2464
2278 2468
2278 2477
2278 2482
2278 2485
2278 2492
2278 2495
2278 2499
2278 2500
2278 2504
2278 2506
2278 2507
2278 2520
2278 2521
2278 2526
2278 2532
2278 2533
2278 2539
2278 2542
2278 2543
2278 2544
2278 2550
2278 2551
2278 2553
2278 2556
2278 2559
2278 2560
2278 2561
2278 2564
2278 2573
2278 2574
2278 2575
2278 2578
2278 2579
2278 2586
2278 2590
2278 2593
2278 2600
2278 2602
2278 2604
2278 2607
2278 2611
2278 2615
2278 2619
2278 2624
2278 2625
2278 2629
2278 2630
2278 2631
2278 2638
2278 2646
2278 2655
2279 2282
2279 2283
2279 2292
2279 2293
2279 2302
2279 2315
2279 2319
2279 2327
2279 2328
2279 2330
2279 2332
2279 2333
2279 2336
2279 2338
2279 2345
2279 2347
2279 2351
2279 2368
2279 2372
2279 2384
2279 2385
2279 2394
2279 2396
2279 2398
2279 2399
2279 2417
2279 2420
2279 2434
2279 2436
2279 2445
2279 2451
2279 2458
2279 2461
2279 2463
2279 2468
2279 2471
2279 2472
2279 2479
2279 2491
2279 2496
2279 2508
2279 2509
2279 2510
2279 2511
2279 2512
2279 2516
2279 2533
2279 2537
2279 2543
2279 2555
2279 2567
2279 2582
2279 2589
2279 2592
2279 2597
2279 2598
2279 2608
2279 2617
2279 2629
2279 2643
2279 2649
2280 2282
2280 2283
2280 2294
2280 2327
2280 2328
2280 2333
2280 2336
2280 2345
2280 2367
2280 2379
2280 2384
2280 2390
2280 2394
2280 2396
2280 2434
2280 2438
2280 2451
2280 2458
2280 2491
2280 2501
2280 2511
2280 2518
2280 2537
2280 2592
2280 2594
2280 2598
2280 2608
2280 2617
2280 2635
2280 2652
2281 2301
2281 2487
2281 2535
2282 2283
2282 2285
2282 2289
2282 2292
2282 2293
2282 2294
2282 2302
2282 2304
2282 2310
2282 2313
2282 2315
2282 2319
2282 2327
2282 2328
2282 2332
2282 2333
2282 2336
2282 2338
2282 2343
2282 2344
2282 2347
2282 2351
2282 2368
2282 2372
2282 2377
2282 2384
2282 2390
2282 2394
2282 2396
2282 2399
2282 2419
2282 2420
2282 2432
2282 2434
2282 2438
2282 2451
2282 2458
2282 2461
2282 2463
2282 2465
2282 2471
2282 2472
2282 2475
2282 2479
2282 2491
2282 2501
2282 2509
2282 2510
2282 2511
2282 2512
2282 2516
2282 2533
2282 2537
2282 2543
2282 2544
2282 2547
2282 2555
2282 2567
2282 2582
2282 2588
2282 2592
2282 2594
2282 2597
2282 2598
2282 2603
2282 2608
2282 2609
2282 2616
2282 2617
2282 2629
2282 2642
2282 2643
2282 2649
2282 2652
2282 2653
2283 2289
2283 2292
2283 2293
2283 2294
2283 2302
2283 2304
2283 2315
2283 2319
2283 2327
2283 2328
2283 2332
2283 2333
2283 2336
2283 2338
2283 2342
2283 2343
2283 2344
2283 2347
2283 2351
2283 2355
2283 2358
2283 2368
2283 2372
2283 2384
2283 2385
2283 2394
2283 2396
2283 2398
2283 2399
2283 2420
2283 2436
2283 2438
2283 2445
2283 2451
2283 2458
2283 2461
2283 2463
2283 2465
2283 2468
2283 2471
2283 2472
2283 2491
2283 2501
2283 2502
2283 2508
2283 2509
2283 2510
2283 2511
2283 2516
2283 2518
2283 2519
2283 2529
2283 2533
2283 2537
2283 2543
2283 2555
2283 2567
2283 2582
2283 2588
2283 2589
2283 2592
2283 2594
2283 2597
2283 2598
2283 2603
2283 2608
2283 2609
2283 2616
2283 2617
2283 2618
2283 2629
2283 2642
2283 2643
2283 2649
2283 2653
2284 2346
2284 2364
2284 2365
2284 2378
2284 2447
2284 2459
2284 2494
2284 2538
2284 2583
2284 2585
2284 2620
2284 2627
2284 2633
2284 2636
2284 2639
2284 2645
2284 2647
2284 2648
2284 2657
2284 2659
2284 2660
2285 2294
2285 2302
2285 2305
2285 2333
2285 2336
2285 2338
2285 2351
2285 2372
2285 2377
2285 2390
2285 2398
2285 2461
2285 2472
2285 2508
2285 2510
2285 2511
2285 2537
2285 2543
2285 2547
2285 2555
2285 2567
2285 2588
2285 2597
2285 2608
2285 2609
2285 2617
2285 2629
2286 2314
2286 2335
2286 2361
2286 2371
2286 2403
2286 2411
2286 2440
2286 2488
2286 2497
2286 2503
2286 2534
2287 2309
2287 2311
2287 2323
2287 2324
2287 2326
2287 2331
2287 2339
2287 2340
2287 2352
2287 2363
2287 2370
2287 2376
2287 2386
2287 2409
2287 2410
2287 2418
2287 2428
2287 2446
2287 2464
2287 2485
2287 2495
2287 2500
2287 2507
2287 2542
2287 2553
2287 2590
2287 2593
2287 2600
2287 2601
2287 2602
2287 2604
2287 2607
2287 2625
2287 2630
2288 2300
2288 2309
2288 2345
2288 2350
2288 2383
2288 2391
2288 2406
2288 2468
2288 2478
2289 2291
2289 2292
2289 2294
2289 2296
2289 2302
2289 2310
2289 2318
2289 2319
2289 2322
2289 2325
2289 2327
2289 2328
2289 2330
2289 2333
2289 2336
2289 2343
2289 2347
2289 2351
2289 2362
2289 2366
2289 2367
2289 2368
2289 2372
2289 2377
2289 2384
2289 2398
2289 2406
2289 2416
2289 2417
2289 2419
2289 2425
2289 2436
2289 2440
2289 2445
2289 2448
2289 2451
2289 2461
2289 2463
2289 2471
2289 2473
2289 2474
2289 2475
2289 2491
2289 2498
2289 2508
2289 2509
2289 2510
2289 2511
2289 2512
2289 2525
2289 2533
2289 2543
2289 2555
2289 2557
2289 2567
2289 2582
2289 2588
2289 2589
2289 2594
2289 2597
2289 2598
2289 2603
2289 2608
2289 2610
2289 2612
2289 2616
2289 2617
2289 2629
2289 2637
2289 2642
2289 2643
2289 2649
2289 2653
2290 2299
2290 2306
2290 2307
2290 2308
2290 2309
2290 2323
2290 2324
2290 2326
2290 2329
2290 2331
2290 2334
2290 2339
2290 2340
2290 2348
2290 2352
2290 2353
2290 2354
2290 2356
2290 2359
2290 2363
2290 2369
2290 2370
2290 2374
2290 2376
2290 2381
2290 2386
2290 2395
2290 2404
2290 2407
2290 2408
2290 2409
2290 2410
2290 2414
2290 2418
2290 2423
2290 2428
2290 2430
2290 2433
2290 2446
2290 2460
2290 2464
2290 2468
2290 2469
2290 2482
2290 2484
2290 2485
2290 2492
2290 2495
2290 2500
2290 2504
2290 2506
2290 2507
2290 2520
2290 2526
2290 2532
2290 2539
2290 2542
2290 2543
2290 2546
2290 2549
2290 2550
2290 2553
2290 2556
2290 2559
2290 2560
2290 2561
2290 2564
2290 2573
2290 2574
2290 2578
2290 2579
2290 2586
2290 2590
2290 2593
2290 2600
2290 2601
2290 2602
2290 2604
2290 2606
2290 2607
2290 2611
2290 2615
2290 2619
2290 2623
2290 2624
2290 2625
2290 2630
2290 2631
2290 2638
2290 2646
2290 2654
2290 2655
2291 2318
2291 2345
2291 2406
2291 2453
2291 2624
2292 2293
2292 2294
2292 2302
2292 2315
2292 2319
2292 2328
2292 2332
2292 2333
2292 2338
2292 2343
2292 2347
2292 2351
2292 2368
2292 2372
2292 2377
2292 2384
2292 2385
2292 2396
2292 2400
2292 2417
2292 2419
2292 2420
2292 2425
2292 2436
2292 2451
2292 2458
2292 2461
2292 2463
2292 2465
2292 2468
2292 2471
2292 2472
2292 2473
2292 2491
2292 2498
2292 2508
2292 2509
2292 2510
2292 2511
2292 2512
2292 2533
2292 2543
2292 2544
2292 2555
2292 2560
2292 2567
2292 2581
2292 2582
2292 2588
2292 2592
2292 2597
2292 2598
2292 2603
2292 2609
2292 2616
2292 2617
2292 2629
2292 2642
2292 2643
2292 2649
2292 2653
2293 2302
2293 2319
2293 2332
2293 2333
2293 2336
2293 2338
2293 2347
2293 2351
2293 2372
2293 2384
2293 2398
2293 2420
2293 2461
2293 2468
2293 2496
2293 2510
2293 2533
2293 2543
2293 2555
2293 2567
2293 2592
2293 2594
2293 2597
2293 2629
2294 2304
2294 2325
2294 2327
2294 2328
2294 2332
2294 2333
2294 2336
2294 2343
2294 2344
2294 2368
2294 2372
2294 2377
2294 2384
2294 2394
2294 2396
2294 2399
2294 2415
2294 2419
2294 2420
2294 2432
2294 2434
2294 2438
2294 2451
2294 2458
2294 2461
2294 2463
2294 2471
2294 2475
2294 2491
2294 2498
2294 2501
2294 2508
2294 2509
2294 2510
2294 2511
2294 2512
2294 2525
2294 2533
2294 2537
2294 2544
2294 2547
2294 2582
2294 2588
2294 2592
2294 2598
2294 2603
2294 2608
2294 2616
2294 2617
2294 2629
2294 2649
2294 2652
2295 2434
2295 2502
2295 2516
2295 2519
2295 2543
2295 2557
2295 2582
2295 2629
2295 2642
2295 2643
2295 2649
2296 2322
2296 2325
2296 2345
2296 2366
2296 2367
2296 2379
2296 2406
2296 2416
2296 2425
2296 2473
2296 2498
2296 2566
2296 2581
2296 2610
2296 2612
2296 2642
2297 2337
2297 2364
2297 2365
2297 2378
2297 2435
2297 2447
2297 2494
2297 2538
2297 2585
2297 2620
2297 2627
2297 2633
2297 2640
2297 2647
2297 2659
2298 2325
2298 2425
2298 2480
2298 2502
2298 2516
2298 2543
2298 2582
2298 2605
2298 2637
2299 2300
2299 2307
2299 2308
2299 2309
2299 2323
2299 2324
2299 2326
2299 2331
2299 2339
2299 2340
2299 2347
2299 2348
2299 2352
2299 2353
2299 2354
2299 2356
2299 2359
2299 2363
2299 2369
2299 2370
2299 2374
2299 2381
2299 2392
2299 2395
2299 2404
2299 2409
2299 2410
2299 2414
2299 2418
2299 2423
2299 2428
2299 2430
2299 2433
2299 2462
2299 2464
2299 2467
2299 2477
2299 2484
2299 2492
2299 2495
2299 2499
2299 2500
2299 2504
2299 2506
2299 2507
2299 2520
2299 2526
2299 2542
2299 2546
2299 2549
2299 2551
2299 2553
2299 2554
2299 2559
2299 2560
2299 2563
2299 2564
2299 2573
2299 2575
2299 2578
2299 2579
2299 2586
2299 2590
2299 2591
2299 2593
2299 2600
2299 2601
2299 2602
2299 2604
2299 2607
2299 2611
2299 2615
2299 2619
2299 2624
2299 2625
2299 2630
2299 2631
2299 2638
2299 2654
2299 2655
2300 2303
2300 2309
2300 2323
2300 2326
2300 2331
2300 2334
2300 2339
2300 2347
2300 2350
2300 2353
2300 2354
2300 2369
2300 2370
2300 2374
2300 2376
2300 2383
2300 2387
2300 2391
2300 2392
2300 2395
2300 2404
2300 2410
2300 2414
2300 2423
2300 2428
2300 2429
2300 2446
2300 2449
2300 2460
2300 2464
2300 2468
2300 2469
2300 2476
2300 2478
2300 2482
2300 2485
2300 2499
2300 2506
2300 2542
2300 2543
2300 2545
2300 2549
2300 2550
2300 2556
2300 2561
2300 2564
2300 2575
2300 2576
2300 2590
2300 2593
2300 2601
2300 2602
2300 2604
2300 2611
2300 2619
2300 2630
2300 2631
2300 2638
2300 2646
2301 2487
2301 2535
2301 2570
2302 2315
2302 2319
2302 2324
2302 2328
2302 2330
2302 2332
2302 2333
2302 2336
2302 2338
2302 2347
2302 2351
2302 2372
2302 2377
2302 2384
2302 2385
2302 2420
2302 2429
2302 2436
2302 2461
2302 2462
2302 2463
2302 2465
2302 2468
2302 2471
2302 2472
2302 2475
2302 2491
2302 2502
2302 2510
2302 2511
2302 2512
2302 2530
2302 2533
2302 2543
2302 2544
2302 2547
2302 2555
2302 2567
2302 2581
2302 2592
2302 2597
2302 2598
2302 2609
2302 2629
2302 2642
2302 2643
2302 2653
2303 2339
2303 2376
2303 2387
2303 2391
2303 2393
2303 2449
2303 2476
2303 2478
2303 2526
2304 2310
2304 2327
2304 2328
2304 2333
2304 2344
2304 2355
2304 2368
2304 2377
2304 2384
2304 2389
2304 2394
2304 2396
2304 2399
2304 2432
2304 2434
2304 2438
2304 2461
2304 2471
2304 2475
2304 2501
2304 2509
2304 2510
2304 2511
2304 2512
2304 2516
2304 2518
2304 2537
2304 2555
2304 2594
2304 2598
2304 2603
2304 2608
2304 2617
2304 2642
2305 2336
2305 2372
2305 2385
2305 2572
2306 2308
2306 2309
2306 2324
2306 2326
2306 2329
2306 2334
2306 2339
2306 2340
2306 2348
2306 2352
2306 2354
2306 2356
2306 2369
2306 2381
2306 2395
2306 2409
2306 2410
2306 2414
2306 2428
2306 2430
2306 2446
2306 2460
2306 2482
2306 2489
2306 2500
2306 2504
2306 2507
2306 2520
2306 2521
2306 2526
2306 2532
2306 2539
2306 2542
2306 2543
2306 2546
2306 2549
2306 2550
2306 2556
2306 2559
2306 2560
2306 2561
2306 2564
2306 2573
2306 2578
2306 2579
2306 2586
2306 2593
2306 2601
2306 2602
2306 2604
2306 2623
2306 2624
2306 2630
2306 2638
2306 2646
2306 2655
2307 2308
2307 2309
2307 2324
2307 2326
2307 2329
2307 2331
2307 2339
2307 2340
2307 2348
2307 2352
2307 2353
2307 2356
2307 2363
2307 2369
2307 2370
2307 2374
2307 2376
2307 2381
2307 2386
2307 2395
2307 2408
2307 2409
2307 2410
2307 2414
2307 2418
2307 2423
2307 2428
2307 2430
2307 2433
2307 2446
2307 2460
2307 2464
2307 2467
2307 2469
2307 2482
2307 2492
2307 2500
2307 2504
2307 2507
2307 2520
2307 2521
2307 2526
2307 2542
2307 2549
2307 2553
2307 2556
2307 2559
2307 2560
2307 2561
2307 2563
2307 2564
2307 2573
2307 2574
2307 2575
2307 2578
2307 2579
2307 2586
2307 2590
2307 2591
2307 2600
2307 2601
2307 2602
2307 2604
2307 2606
2307 2607
2307 2615
2307 2619
2307 2624
2307 2625
2307 2630
2307 2638
2307 2655
2308 2309
2308 2323
2308 2324
2308 2326
2308 2331
2308 2339
2308 2340
2308 2347
2308 2348
2308 2352
2308 2354
2308 2356
2308 2363
2308 2369
2308 2370
2308 2374
2308 2381
2308 2386
2308 2392
2308 2395
2308 2404
2308 2408
2308 2409
2308 2410
2308 2414
2308 2423
2308 2428
2308 2429
2308 2430
2308 2446
2308 2460
2308 2462
2308 2464
2308 2467
2308 2469
2308 2478
2308 2482
2308 2484
2308 2489
2308 2492
2308 2500
2308 2507
2308 2520
2308 2526
2308 2532
2308 2539
2308 2542
2308 2549
2308 2550
2308 2553
2308 2554
2308 2556
2308 2559
2308 2560
2308 2564
2308 2573
2308 2578
2308 2586
2308 2590
2308 2600
2308 2601
2308 2602
2308 2604
2308 2607
2308 2611
2308 2615
2308 2623
2308 2624
2308 2625
2308 2630
2308 2638
2308 2646
2308 2654
2308 2655
2309 2323
2309 2324
2309 2326
2309 2329
2309 2331
2309 2334
2309 2339
2309 2340
2309 2347
2309 2348
2309 2352
2309 2353
2309 2354
2309 2356
2309 2359
2309 2363
2309 2369
2309 2370
2309 2374
2309 2376
2309 2381
2309 2386
2309 2391
2309 2392
2309 2395
2309 2404
2309 2408
2309 2409
2309 2410
2309 2414
2309 2418
2309 2423
2309 2428
2309 2430
2309 2433
2309 2446
2309 2460
2309 2462
2309 2464
2309 2467
2309 2468
2309 2469
2309 2476
2309 2477
2309 2478
2309 2482
2309 2484
2309 2485
2309 2492
2309 2495
2309 2499
2309 2500
2309 2506
2309 2507
2309 2520
2309 2521
2309 2524
2309 2526
2309 2532
2309 2539
2309 2542
2309 2543
2309 2549
2309 2550
2309 2551
2309 2552
2309 2553
2309 2554
2309 2556
2309 2559
2309 2560
2309 2561
2309 2563
2309 2564
2309 2573
2309 2574
2309 2575
2309 2578
2309 2579
2309 2586
2309 2590
2309 2593
2309 2600
2309 2601
2309 2602
2309 2604
2309 2605
2309 2607
2309 2611
2309 2615
2309 2619
2309 2624
2309 2625
2309 2630
2309 2631
2309 2638
2309 2646
2309 2654
2309 2655
2310 2318
2310 2325
2310 2416
2310 2419
2310 2461
2310 2525
2310 2540
2310 2557
2310 2603
2311 2324
2311 2326
2311 2334
2311 2340
2311 2354
2311 2395
2311 2404
2311 2409
2311 2410
2311 2428
2311 2430
2311 2446
2311 2460
2311 2462
2311 2485
2311 2489
2311 2500
2311 2507
2311 2521
2311 2526
2311 2539
2311 2560
2311 2625
2311 2646
2312 2319
2312 2355
2312 2384
2312 2389
2312 2400
2312 2413
2312 2529
2312 2531
2312 2610
2312 2616
2313 2317
2313 2322
2313 2325
2313 2342
2313 2358
2313 2361
2313 2366
2313 2371
2313 2375
2313 2376
2313 2380
2313 2388
2313 2402
2313 2406
2313 2411
2313 2422
2313 2431
2313 2433
2313 2439
2313 2440
2313 2441
2313 2443
2313 2448
2313 2450
2313 2456
2313 2488
2313 2528
2313 2534
2313 2540
2313 2548
2313 2558
2313 2562
2313 2581
2313 2614
2313 2618
2313 2621
2313 2628
2313 2632
2313 2644
2313 2656
2314 2335
2314 2397
2314 2403
2314 2474
2314 2497
2314 2503
2314 2534
2314 2540
2315 2319
2315 2330
2315 2332
2315 2333
2315 2338
2315 2347
2315 2351
2315 2372
2315 2384
2315 2417
2315 2420
2315 2451
2315 2465
2315 2472
2315 2491
2315 2533
2315 2543
2315 2555
2315 2567
2315 2571
2315 2589
2315 2592
2315 2597
2315 2598
2315 2609
2315 2629
2315 2642
2315 2643
2316 2360
2316 2402
2316 2577
2316 2597
2317 2342
2317 2360
2317 2361
2317 2371
2317 2402
2317 2411
2317 2412
2317 2440
2317 2448
2317 2456
2317 2474
2317 2488
2317 2540
2317 2577
2317 2580
2317 2587
2317 2618
2317 2628
2317 2644
2318 2325
2318 2362
2318 2406
2318 2415
2318 2416
2318 2419
2318 2425
2318 2480
2318 2525
2318 2557
2318 2637
2318 2642
2318 2651
2319 2328
2319 2330
2319 2333
2319 2336
2319 2338
2319 2343
2319 2344
2319 2347
2319 2351
2319 2355
2319 2372
2319 2384
2319 2394
2319 2398
2319 2400
2319 2419
2319 2420
2319 2436
2319 2445
2319 2451
2319 2458
2319 2461
2319 2463
2319 2471
2319 2475
2319 2491
2319 2496
2319 2498
2319 2508
2319 2510
2319 2511
2319 2512
2319 2516
2319 2529
2319 2533
2319 2543
2319 2567
2319 2589
2319 2592
2319 2594
2319 2597
2319 2598
2319 2616
2319 2617
2319 2629
2319 2643
2319 2649
2319 2653
2320 2349
2320 2401
2320 2426
2320 2444
2320 2486
2320 2490
2320 2515
2320 2622
2320 2650
2321 2341
2321 2581
2322 2325
2322 2335
2322 2361
2322 2366
2322 2371
2322 2397
2322 2406
2322 2411
2322 2412
2322 2419
2322 2440
2322 2473
2322 2557
2322 2562
2322 2566
2322 2577
2322 2610
2322 2612
2322 2642
2322 2656
2323 2324
2323 2326
2323 2331
2323 2339
2323 2340
2323 2347
2323 2348
2323 2352
2323 2353
2323 2354
2323 2356
2323 2359
2323 2363
2323 2370
2323 2374
2323 2376
2323 2381
2323 2386
2323 2391
2323 2392
2323 2395
2323 2404
2323 2407
2323 2408
2323 2409
2323 2410
2323 2414
2323 2418
2323 2423
2323 2428
2323 2429
2323 2430
2323 2433
2323 2446
2323 2460
2323 2462
2323 2464
2323 2467
2323 2469
2323 2477
2323 2484
2323 2485
2323 2495
2323 2500
2323 2504
2323 2506
2323 2507
2323 2520
2323 2521
2323 2536
2323 2539
2323 2542
2323 2543
2323 2546
2323 2549
2323 2550
2323 2551
2323 2552
2323 2553
2323 2554
2323 2559
2323 2560
2323 2561
2323 2563
2323 2564
2323 2573
2323 2574
2323 2575
2323 2586
2323 2590
2323 2591
2323 2593
2323 2600
2323 2601
2323 2602
2323 2604
2323 2607
2323 2611
2323 2615
2323 2619
2323 2624
2323 2625
2323 2630
2323 2631
2323 2638
2323 2655
2324 2326
2324 2329
2324 2331
2324 2334
2324 2339
2324 2340
2324 2347
2324 2348
2324 2353
2324 2354
2324 2356
2324 2359
2324 2363
2324 2368
2324 2369
2324 2370
2324 2376
2324 2381
2324 2386
2324 2392
2324 2395
2324 2404
2324 2407
2324 2408
2324 2409
2324 2410
2324 2414
2324 2418
2324 2428
2324 2430
2324 2433
