2324 2446
2324 2460
2324 2462
2324 2464
2324 2467
2324 2469
2324 2482
2324 2484
2324 2485
2324 2489
2324 2492
2324 2495
2324 2499
2324 2500
2324 2506
2324 2507
2324 2520
2324 2521
2324 2526
2324 2530
2324 2532
2324 2539
2324 2542
2324 2543
2324 2549
2324 2550
2324 2551
2324 2552
2324 2553
2324 2556
2324 2559
2324 2560
2324 2561
2324 2563
2324 2564
2324 2573
2324 2575
2324 2578
2324 2579
2324 2581
2324 2586
2324 2590
2324 2591
2324 2593
2324 2600
2324 2601
2324 2602
2324 2604
2324 2607
2324 2611
2324 2615
2324 2619
2324 2623
2324 2624
2324 2625
2324 2630
2324 2631
2324 2638
2324 2646
2324 2654
2324 2655
2325 2328
2325 2343
2325 2351
2325 2362
2325 2366
2325 2367
2325 2379
2325 2406
2325 2416
2325 2419
2325 2425
2325 2452
2325 2463
2325 2473
2325 2475
2325 2480
2325 2498
2325 2502
2325 2509
2325 2525
2325 2544
2325 2555
2325 2557
2325 2588
2325 2589
2325 2603
2325 2612
2325 2637
2325 2642
2326 2331
2326 2334
2326 2339
2326 2340
2326 2347
2326 2348
2326 2352
2326 2354
2326 2356
2326 2359
2326 2363
2326 2369
2326 2370
2326 2374
2326 2376
2326 2381
2326 2383
2326 2386
2326 2392
2326 2395
2326 2404
2326 2408
2326 2409
2326 2410
2326 2414
2326 2418
2326 2423
2326 2428
2326 2430
2326 2446
2326 2460
2326 2464
2326 2467
2326 2468
2326 2477
2326 2482
2326 2484
2326 2485
2326 2489
2326 2492
2326 2495
2326 2499
2326 2500
2326 2504
2326 2507
2326 2520
2326 2521
2326 2526
2326 2539
2326 2542
2326 2546
2326 2549
2326 2551
2326 2552
2326 2553
2326 2556
2326 2559
2326 2560
2326 2561
2326 2563
2326 2564
2326 2573
2326 2574
2326 2575
2326 2578
2326 2579
2326 2586
2326 2590
2326 2591
2326 2593
2326 2600
2326 2601
2326 2602
2326 2604
2326 2607
2326 2611
2326 2615
2326 2619
2326 2623
2326 2624
2326 2625
2326 2630
2326 2638
2326 2646
2326 2654
2326 2655
2327 2328
2327 2332
2327 2333
2327 2338
2327 2343
2327 2344
2327 2345
2327 2351
2327 2367
2327 2368
2327 2372
2327 2377
2327 2379
2327 2384
2327 2390
2327 2394
2327 2396
2327 2398
2327 2415
2327 2417
2327 2419
2327 2434
2327 2436
2327 2438
2327 2451
2327 2458
2327 2461
2327 2463
2327 2468
2327 2471
2327 2473
2327 2479
2327 2491
2327 2508
2327 2509
2327 2510
2327 2511
2327 2516
2327 2533
2327 2537
2327 2543
2327 2547
2327 2555
2327 2567
2327 2589
2327 2592
2327 2597
2327 2598
2327 2603
2327 2617
2327 2629
2327 2643
2327 2649
2327 2652
2328 2332
2328 2333
2328 2336
2328 2338
2328 2343
2328 2344
2328 2351
2328 2368
2328 2372
2328 2377
2328 2384
2328 2390
2328 2394
2328 2396
2328 2398
2328 2399
2328 2415
2328 2419
2328 2420
2328 2427
2328 2429
2328 2432
2328 2434
2328 2438
2328 2445
2328 2451
2328 2458
2328 2461
2328 2463
2328 2471
2328 2475
2328 2479
2328 2491
2328 2498
2328 2501
2328 2509
2328 2510
2328 2511
2328 2512
2328 2516
2328 2525
2328 2529
2328 2531
2328 2533
2328 2537
2328 2542
2328 2543
2328 2544
2328 2555
2328 2557
2328 2567
2328 2582
2328 2588
2328 2592
2328 2594
2328 2598
2328 2603
2328 2608
2328 2616
2328 2617
2328 2629
2328 2642
2328 2643
2328 2649
2328 2652
2329 2331
2329 2339
2329 2340
2329 2347
2329 2354
2329 2359
2329 2363
2329 2369
2329 2374
2329 2395
2329 2410
2329 2414
2329 2423
2329 2428
2329 2433
2329 2446
2329 2460
2329 2462
2329 2464
2329 2467
2329 2468
2329 2477
2329 2492
2329 2495
2329 2500
2329 2504
2329 2506
2329 2507
2329 2536
2329 2542
2329 2543
2329 2546
2329 2551
2329 2559
2329 2560
2329 2563
2329 2574
2329 2578
2329 2586
2329 2590
2329 2593
2329 2601
2329 2602
2329 2604
2329 2607
2329 2611
2329 2613
2329 2615
2329 2619
2329 2623
2329 2624
2329 2625
2329 2638
2330 2336
2330 2350
2330 2384
2330 2417
2330 2436
2330 2445
2330 2451
2330 2463
2330 2491
2330 2510
2330 2588
2330 2589
2330 2597
2330 2598
2330 2616
2330 2617
2330 2649
2331 2334
2331 2339
2331 2340
2331 2347
2331 2348
2331 2352
2331 2353
2331 2354
2331 2356
2331 2359
2331 2363
2331 2369
2331 2374
2331 2376
2331 2381
2331 2386
2331 2391
2331 2395
2331 2404
2331 2407
2331 2408
2331 2409
2331 2410
2331 2414
2331 2418
2331 2423
2331 2428
2331 2430
2331 2433
2331 2446
2331 2460
2331 2462
2331 2464
2331 2467
2331 2468
2331 2469
2331 2482
2331 2484
2331 2485
2331 2492
2331 2495
2331 2499
2331 2500
2331 2501
2331 2504
2331 2506
2331 2507
2331 2520
2331 2526
2331 2532
2331 2539
2331 2542
2331 2543
2331 2546
2331 2549
2331 2550
2331 2552
2331 2553
2331 2554
2331 2556
2331 2559
2331 2560
2331 2561
2331 2564
2331 2573
2331 2574
2331 2578
2331 2579
2331 2586
2331 2590
2331 2591
2331 2593
2331 2600
2331 2601
2331 2602
2331 2604
2331 2606
2331 2607
2331 2611
2331 2613
2331 2615
2331 2619
2331 2623
2331 2624
2331 2625
2331 2630
2331 2631
2331 2638
2331 2654
2331 2655
2332 2333
2332 2336
2332 2338
2332 2347
2332 2351
2332 2368
2332 2372
2332 2384
2332 2385
2332 2399
2332 2434
2332 2438
2332 2458
2332 2463
2332 2465
2332 2473
2332 2475
2332 2508
2332 2509
2332 2510
2332 2511
2332 2512
2332 2533
2332 2543
2332 2555
2332 2567
2332 2572
2332 2582
2332 2592
2332 2597
2332 2598
2332 2608
2332 2609
2332 2629
2332 2642
2332 2643
2332 2649
2332 2653
2333 2336
2333 2338
2333 2343
2333 2344
2333 2347
2333 2351
2333 2372
2333 2377
2333 2384
2333 2390
2333 2394
2333 2396
2333 2399
2333 2415
2333 2419
2333 2420
2333 2432
2333 2434
2333 2438
2333 2451
2333 2458
2333 2461
2333 2463
2333 2465
2333 2471
2333 2472
2333 2475
2333 2479
2333 2491
2333 2498
2333 2501
2333 2508
2333 2509
2333 2510
2333 2511
2333 2512
2333 2529
2333 2530
2333 2533
2333 2537
2333 2543
2333 2555
2333 2567
2333 2582
2333 2592
2333 2594
2333 2597
2333 2598
2333 2603
2333 2608
2333 2616
2333 2617
2333 2629
2333 2642
2333 2643
2333 2652
2333 2653
2334 2339
2334 2347
2334 2348
2334 2354
2334 2356
2334 2363
2334 2369
2334 2374
2334 2376
2334 2386
2334 2387
2334 2391
2334 2393
2334 2395
2334 2409
2334 2410
2334 2428
2334 2429
2334 2430
2334 2433
2334 2446
2334 2449
2334 2460
2334 2464
2334 2467
2334 2468
2334 2469
2334 2471
2334 2477
2334 2478
2334 2482
2334 2485
2334 2489
2334 2492
2334 2500
2334 2504
2334 2507
2334 2520
2334 2526
2334 2539
2334 2542
2334 2543
2334 2546
2334 2550
2334 2551
2334 2556
2334 2559
2334 2560
2334 2561
2334 2564
2334 2573
2334 2575
2334 2578
2334 2586
2334 2593
2334 2601
2334 2602
2334 2604
2334 2611
2334 2615
2334 2619
2334 2623
2334 2625
2334 2631
2334 2646
2334 2654
2334 2655
2335 2361
2335 2371
2335 2403
2335 2411
2335 2440
2335 2474
2335 2488
2335 2497
2335 2503
2335 2523
2335 2534
2336 2338
2336 2343
2336 2344
2336 2347
2336 2351
2336 2366
2336 2368
2336 2372
2336 2379
2336 2384
2336 2385
2336 2394
2336 2398
2336 2417
2336 2419
2336 2420
2336 2434
2336 2436
2336 2445
2336 2451
2336 2458
2336 2461
2336 2463
2336 2471
2336 2472
2336 2491
2336 2498
2336 2501
2336 2502
2336 2508
2336 2509
2336 2510
2336 2511
2336 2516
2336 2519
2336 2533
2336 2537
2336 2543
2336 2547
2336 2555
2336 2567
2336 2572
2336 2582
2336 2588
2336 2589
2336 2592
2336 2597
2336 2598
2336 2616
2336 2617
2336 2629
2336 2642
2336 2643
2336 2649
2336 2653
2337 2346
2337 2364
2337 2365
2337 2378
2337 2435
2337 2447
2337 2494
2337 2538
2337 2583
2337 2639
2337 2640
2337 2645
2337 2647
2338 2343
2338 2344
2338 2347
2338 2351
2338 2372
2338 2377
2338 2384
2338 2398
2338 2420
2338 2436
2338 2458
2338 2461
2338 2465
2338 2468
2338 2475
2338 2496
2338 2508
2338 2510
2338 2511
2338 2512
2338 2516
2338 2529
2338 2533
2338 2543
2338 2547
2338 2555
2338 2567
2338 2592
2338 2594
2338 2597
2338 2598
2338 2609
2338 2617
2338 2629
2338 2643
2338 2649
2339 2340
2339 2347
2339 2348
2339 2352
2339 2354
2339 2356
2339 2359
2339 2363
2339 2369
2339 2370
2339 2374
2339 2376
2339 2381
2339 2383
2339 2386
2339 2391
2339 2392
2339 2395
2339 2404
2339 2408
2339 2409
2339 2410
2339 2414
2339 2418
2339 2428
2339 2429
2339 2430
2339 2433
2339 2446
2339 2449
2339 2460
2339 2464
2339 2467
2339 2468
2339 2469
2339 2477
2339 2482
2339 2485
2339 2489
2339 2500
2339 2504
2339 2506
2339 2507
2339 2520
2339 2521
2339 2526
2339 2532
2339 2546
2339 2549
2339 2550
2339 2551
2339 2552
2339 2553
2339 2554
2339 2556
2339 2559
2339 2560
2339 2561
2339 2563
2339 2564
2339 2573
2339 2575
2339 2576
2339 2578
2339 2579
2339 2586
2339 2590
2339 2593
2339 2600
2339 2601
2339 2602
2339 2604
2339 2606
2339 2607
2339 2615
2339 2623
2339 2624
2339 2630
2339 2631
2339 2638
2339 2646
2339 2654
2339 2655
2340 2347
2340 2348
2340 2352
2340 2354
2340 2356
2340 2359
2340 2363
2340 2369
2340 2370
2340 2374
2340 2376
2340 2381
2340 2383
2340 2386
2340 2395
2340 2404
2340 2407
2340 2408
2340 2409
2340 2410
2340 2414
2340 2418
2340 2423
2340 2428
2340 2429
2340 2430
2340 2433
2340 2446
2340 2460
2340 2464
2340 2467
2340 2468
2340 2469
2340 2477
2340 2478
2340 2482
2340 2484
2340 2485
2340 2489
2340 2492
2340 2495
2340 2500
2340 2504
2340 2506
2340 2507
2340 2520
2340 2521
2340 2526
2340 2532
2340 2536
2340 2539
2340 2542
2340 2543
2340 2546
2340 2549
2340 2550
2340 2551
2340 2552
2340 2553
2340 2554
2340 2556
2340 2559
2340 2560
2340 2561
2340 2563
2340 2564
2340 2573
2340 2574
2340 2575
2340 2578
2340 2579
2340 2586
2340 2590
2340 2591
2340 2593
2340 2600
2340 2601
2340 2602
2340 2604
2340 2607
2340 2611
2340 2613
2340 2615
2340 2619
2340 2623
2340 2624
2340 2625
2340 2630
2340 2631
2340 2638
2340 2646
2340 2654
2340 2655
2341 2361
2341 2412
2341 2455
2341 2456
2341 2659
2342 2371
2342 2397
2342 2402
2342 2411
2342 2448
2342 2450
2342 2456
2342 2488
2342 2540
2342 2562
2342 2618
2342 2628
2342 2632
2342 2644
2343 2344
2343 2351
2343 2384
2343 2419
2343 2436
2343 2458
2343 2461
2343 2463
2343 2471
2343 2475
2343 2491
2343 2498
2343 2509
2343 2516
2343 2530
2343 2536
2343 2582
2343 2588
2343 2598
2343 2616
2343 2629
2343 2649
2344 2345
2344 2347
2344 2355
2344 2377
2344 2384
2344 2390
2344 2394
2344 2396
2344 2399
2344 2415
2344 2419
2344 2432
2344 2434
2344 2436
2344 2438
2344 2451
2344 2461
2344 2463
2344 2468
2344 2471
2344 2475
2344 2479
2344 2498
2344 2501
2344 2509
2344 2511
2344 2512
2344 2516
2344 2519
2344 2537
2344 2555
2344 2582
2344 2588
2344 2592
2344 2594
2344 2598
2344 2603
2344 2616
2344 2617
2344 2629
2344 2637
2344 2642
2344 2652
2345 2366
2345 2367
2345 2379
2345 2394
2345 2406
2345 2443
2345 2449
2345 2453
2345 2461
2345 2468
2345 2491
2345 2510
2345 2537
2345 2555
2345 2560
2345 2566
2345 2594
2345 2598
2345 2610
2345 2612
2345 2617
2345 2635
2346 2364
2346 2365
2346 2378
2346 2389
2346 2435
2346 2538
2346 2583
2346 2585
2346 2620
2346 2626
2346 2633
2346 2636
2346 2640
2346 2645
2346 2657
2346 2658
2346 2659
2347 2348
2347 2351
2347 2354
2347 2356
2347 2363
2347 2369
2347 2370
2347 2372
2347 2374
2347 2376
2347 2377
2347 2381
2347 2384
2347 2386
2347 2387
2347 2395
2347 2398
2347 2399
2347 2404
2347 2407
2347 2408
2347 2409
2347 2410
2347 2414
2347 2418
2347 2419
2347 2420
2347 2423
2347 2427
2347 2428
2347 2429
2347 2430
2347 2433
2347 2436
2347 2446
2347 2451
2347 2460
2347 2462
2347 2463
2347 2464
2347 2467
2347 2468
2347 2469
2347 2471
2347 2472
2347 2475
2347 2482
2347 2484
2347 2485
2347 2489
2347 2491
2347 2492
2347 2499
2347 2500
2347 2506
2347 2507
2347 2508
2347 2510
2347 2511
2347 2518
2347 2521
2347 2522
2347 2526
2347 2530
2347 2533
2347 2539
2347 2542
2347 2543
2347 2546
2347 2547
2347 2550
2347 2551
2347 2554
2347 2555
2347 2556
2347 2559
2347 2560
2347 2561
2347 2563
2347 2567
2347 2573
2347 2574
2347 2575
2347 2578
2347 2579
2347 2582
2347 2586
2347 2590
2347 2591
2347 2592
2347 2593
2347 2597
2347 2598
2347 2600
2347 2601
2347 2602
2347 2604
2347 2606
2347 2607
2347 2609
2347 2611
2347 2615
2347 2619
2347 2623
2347 2624
2347 2625
2347 2629
2347 2630
2347 2631
2347 2638
2347 2643
2347 2646
2347 2653
2347 2655
2348 2352
2348 2354
2348 2356
2348 2369
2348 2376
2348 2381
2348 2385
2348 2386
2348 2395
2348 2409
2348 2410
2348 2414
2348 2423
2348 2428
2348 2430
2348 2446
2348 2460
2348 2464
2348 2467
2348 2468
2348 2469
2348 2478
2348 2482
2348 2492
2348 2495
2348 2506
2348 2507
2348 2520
2348 2521
2348 2532
2348 2539
2348 2542
2348 2543
2348 2549
2348 2550
2348 2551
2348 2553
2348 2556
2348 2559
2348 2560
2348 2561
2348 2564
2348 2573
2348 2578
2348 2579
2348 2586
2348 2590
2348 2593
2348 2600
2348 2601
2348 2602
2348 2604
2348 2607
2348 2611
2348 2615
2348 2619
2348 2623
2348 2624
2348 2625
2348 2630
2348 2631
2348 2638
2348 2646
2348 2654
2348 2655
2349 2401
2349 2426
2349 2444
2349 2466
2349 2486
2349 2490
2349 2513
2349 2515
2349 2622
2349 2650
2350 2363
2350 2391
2350 2404
2350 2410
2350 2542
2350 2545
2350 2576
2350 2588
2350 2615
2351 2372
2351 2377
2351 2384
2351 2398
2351 2420
2351 2436
2351 2461
2351 2463
2351 2465
2351 2471
2351 2472
2351 2475
2351 2491
2351 2498
2351 2509
2351 2510
2351 2516
2351 2529
2351 2533
2351 2543
2351 2555
2351 2567
2351 2592
2351 2597
2351 2598
2351 2609
2351 2616
2351 2629
2351 2642
2351 2643
2351 2649
2352 2353
2352 2354
2352 2356
2352 2359
2352 2363
2352 2369
2352 2370
2352 2374
2352 2376
2352 2381
2352 2387
2352 2392
2352 2395
2352 2404
2352 2409
2352 2410
2352 2414
2352 2423
2352 2428
2352 2430
2352 2433
2352 2460
2352 2464
2352 2468
2352 2469
2352 2477
2352 2482
2352 2484
2352 2485
2352 2495
2352 2500
2352 2504
2352 2506
2352 2507
2352 2520
2352 2526
2352 2532
2352 2539
2352 2542
2352 2546
2352 2549
2352 2550
2352 2553
2352 2554
2352 2556
2352 2561
2352 2564
2352 2573
2352 2574
2352 2575
2352 2578
2352 2579
2352 2586
2352 2590
2352 2591
2352 2593
2352 2600
2352 2601
2352 2602
2352 2604
2352 2607
2352 2611
2352 2615
2352 2619
2352 2624
2352 2625
2352 2630
2352 2638
2352 2655
2353 2356
2353 2370
2353 2386
2353 2414
2353 2423
2353 2464
2353 2467
2353 2469
2353 2492
2353 2495
2353 2499
2353 2500
2353 2504
2353 2521
2353 2542
2353 2543
2353 2550
2353 2551
2353 2554
2353 2561
2353 2563
2353 2575
2353 2586
2353 2590
2353 2593
2353 2600
2353 2602
2353 2606
2353 2607
2353 2611
2353 2615
2353 2624
2353 2625
2353 2630
2353 2654
2354 2356
2354 2359
2354 2363
2354 2369
2354 2370
2354 2374
2354 2376
2354 2381
2354 2386
2354 2395
2354 2404
2354 2407
2354 2408
2354 2409
2354 2410
2354 2414
2354 2418
2354 2423
2354 2428
2354 2429
2354 2430
2354 2446
2354 2460
2354 2462
2354 2464
2354 2468
2354 2469
2354 2477
2354 2478
2354 2482
2354 2484
2354 2485
2354 2489
2354 2492
2354 2499
2354 2500
2354 2504
2354 2507
2354 2521
2354 2526
2354 2539
2354 2542
2354 2543
2354 2546
2354 2549
2354 2550
2354 2551
2354 2553
2354 2554
2354 2560
2354 2561
2354 2564
2354 2573
2354 2575
2354 2578
2354 2579
2354 2586
2354 2590
2354 2593
2354 2600
2354 2601
2354 2602
2354 2604
2354 2607
2354 2611
2354 2615
2354 2619
2354 2623
2354 2624
2354 2625
2354 2638
2354 2646
2354 2654
2354 2655
2355 2384
2355 2389
2355 2400
2355 2413
2355 2459
2355 2461
2355 2529
2355 2531
2355 2543
2355 2594
2355 2610
2355 2616
2355 2641
2356 2359
2356 2363
2356 2369
2356 2370
2356 2374
2356 2376
2356 2381
2356 2386
2356 2395
2356 2408
2356 2409
2356 2410
2356 2414
2356 2418
2356 2423
2356 2428
2356 2430
2356 2433
2356 2446
2356 2460
2356 2464
2356 2467
2356 2468
2356 2469
2356 2477
2356 2482
2356 2489
2356 2492
2356 2500
2356 2504
2356 2507
2356 2520
2356 2521
2356 2526
2356 2539
2356 2542
2356 2543
2356 2546
2356 2549
2356 2550
2356 2551
2356 2553
2356 2554
2356 2559
2356 2560
2356 2561
2356 2564
2356 2573
2356 2575
2356 2578
2356 2579
2356 2586
2356 2590
2356 2593
2356 2601
2356 2602
2356 2604
2356 2607
2356 2611
2356 2615
2356 2619
2356 2623
2356 2624
2356 2625
2356 2630
2356 2631
2356 2638
2356 2646
2356 2654
2356 2655
2357 2397
2357 2562
2357 2587
2357 2659
2358 2411
2359 2363
2359 2369
2359 2370
2359 2374
2359 2376
2359 2381
2359 2395
2359 2404
2359 2409
2359 2410
2359 2414
2359 2418
2359 2423
2359 2428
2359 2430
2359 2433
2359 2446
2359 2460
2359 2462
2359 2464
2359 2467
2359 2469
2359 2477
2359 2482
2359 2484
2359 2485
2359 2489
2359 2492
2359 2500
2359 2504
2359 2506
2359 2507
2359 2520
2359 2526
2359 2539
2359 2542
2359 2546
2359 2549
2359 2553
2359 2554
2359 2559
2359 2560
2359 2564
2359 2574
2359 2578
2359 2586
2359 2590
2359 2591
2359 2593
2359 2600
2359 2601
2359 2604
2359 2611
2359 2615
2359 2619
2359 2624
2359 2625
2359 2638
2359 2646
2359 2654
2359 2655
2360 2488
2361 2371
2361 2373
2361 2397
2361 2402
2361 2440
2361 2448
2361 2455
2361 2488
2361 2503
2361 2523
2361 2540
2361 2618
2361 2628
2361 2644
2362 2416
2362 2419
2362 2425
2362 2480
2362 2525
2362 2610
2362 2637
2362 2642
2363 2369
2363 2370
2363 2374
2363 2376
2363 2381
2363 2386
2363 2392
2363 2395
2363 2404
2363 2407
2363 2408
2363 2409
2363 2410
2363 2414
2363 2418
2363 2423
2363 2428
2363 2430
2363 2433
2363 2446
2363 2460
2363 2464
2363 2467
2363 2469
2363 2477
2363 2482
2363 2484
2363 2485
2363 2489
2363 2492
2363 2495
2363 2500
2363 2504
2363 2507
2363 2520
2363 2521
2363 2539
2363 2542
2363 2543
2363 2546
2363 2549
2363 2550
2363 2552
2363 2553
2363 2559
2363 2560
2363 2561
2363 2564
2363 2573
2363 2575
2363 2578
2363 2586
2363 2590
2363 2593
2363 2600
2363 2601
2363 2602
2363 2604
2363 2611
2363 2615
2363 2619
2363 2624
2363 2625
2363 2630
2363 2638
2363 2646
2363 2654
2363 2655
2364 2365
2364 2378
2364 2435
2364 2447
2364 2459
2364 2494
2364 2538
2364 2583
2364 2585
2364 2620
2364 2627
2364 2633
2364 2636
2364 2639
2364 2640
2364 2645
2364 2647
2364 2648
2364 2657
2364 2659
2364 2660
2365 2378
2365 2447
2365 2538
2365 2583
2365 2620
2365 2627
2365 2633
2365 2636
2365 2639
2365 2640
2365 2645
2365 2647
2365 2657
2365 2659
2366 2367
2366 2379
2366 2406
2366 2566
2366 2592
2366 2608
2366 2612
2366 2642
2367 2379
2367 2394
2367 2406
2367 2461
2367 2510
2367 2537
2367 2566
2367 2571
2367 2581
2367 2594
2367 2597
2367 2598
2367 2608
2367 2612
2367 2617
2367 2635
2368 2377
2368 2399
2368 2434
2368 2458
2368 2461
2368 2463
2368 2471
2368 2498
2368 2501
2368 2509
2368 2519
2368 2533
2368 2555
2368 2582
2368 2594
2368 2597
2368 2598
2368 2608
2368 2616
2368 2642
2368 2649
2369 2370
2369 2374
2369 2376
2369 2381
2369 2386
2369 2392
2369 2395
2369 2404
2369 2407
2369 2408
2369 2409
2369 2410
2369 2414
2369 2423
2369 2428
2369 2430
2369 2433
2369 2446
2369 2460
2369 2462
2369 2464
2369 2468
2369 2469
2369 2477
2369 2482
2369 2485
2369 2489
2369 2492
2369 2495
2369 2499
2369 2500
2369 2504
2369 2506
2369 2507
2369 2520
2369 2521
2369 2526
2369 2532
2369 2536
2369 2539
2369 2542
2369 2543
2369 2546
2369 2549
2369 2550
2369 2552
2369 2553
2369 2554
2369 2556
2369 2559
2369 2560
2369 2561
2369 2563
2369 2564
2369 2573
2369 2574
2369 2575
2369 2576
2369 2578
2369 2579
2369 2586
2369 2590
2369 2591
2369 2593
2369 2600
2369 2601
2369 2602
2369 2604
2369 2606
2369 2607
2369 2611
2369 2615
2369 2619
2369 2623
2369 2624
2369 2625
2369 2630
2369 2631
2369 2638
2369 2646
2369 2654
2369 2655
2370 2374
2370 2376
2370 2381
2370 2386
2370 2395
2370 2404
2370 2407
2370 2408
2370 2409
2370 2410
2370 2414
2370 2418
2370 2423
2370 2428
2370 2429
2370 2430
2370 2446
2370 2460
2370 2464
2370 2467
2370 2482
2370 2484
2370 2489
2370 2492
2370 2495
2370 2504
2370 2507
2370 2520
2370 2526
2370 2539
2370 2542
2370 2543
2370 2546
2370 2549
2370 2550
2370 2551
2370 2553
2370 2556
2370 2559
2370 2560
2370 2564
2370 2575
2370 2578
2370 2586
2370 2590
2370 2593
2370 2600
2370 2601
2370 2602
2370 2604
2370 2607
2370 2611
2370 2615
2370 2625
2370 2630
2370 2638
2370 2646
2370 2654
2370 2655
2371 2402
2371 2440
2371 2448
2371 2488
2371 2540
2371 2618
2371 2628
2372 2384
2372 2385
2372 2398
2372 2417
2372 2434
2372 2445
2372 2461
2372 2463
2372 2471
2372 2491
2372 2508
2372 2509
2372 2510
2372 2511
2372 2537
2372 2543
2372 2547
2372 2555
2372 2567
2372 2572
2372 2582
2372 2589
2372 2594
2372 2597
2372 2598
2372 2608
2372 2616
2372 2629
2372 2643
2373 2411
2373 2412
2373 2656
2374 2376
2374 2381
2374 2386
2374 2392
2374 2395
2374 2404
2374 2409
2374 2410
2374 2414
2374 2423
2374 2428
2374 2430
2374 2433
2374 2446
2374 2460
2374 2464
2374 2467
2374 2468
2374 2477
2374 2482
2374 2484
2374 2485
2374 2492
2374 2495
2374 2499
2374 2500
2374 2504
2374 2506
2374 2507
2374 2520
2374 2521
2374 2526
2374 2532
2374 2542
2374 2543
2374 2546
2374 2549
2374 2550
2374 2551
2374 2553
2374 2554
2374 2556
2374 2560
2374 2561
2374 2563
2374 2564
2374 2578
2374 2579
2374 2586
2374 2590
2374 2591
2374 2593
2374 2600
2374 2601
2374 2602
2374 2604
2374 2606
2374 2607
2374 2611
2374 2615
2374 2619
2374 2623
2374 2624
2374 2625
2374 2630
2374 2631
2374 2638
2374 2654
2374 2655
2375 2439
2375 2548
2375 2558
2376 2381
2376 2391
2376 2392
2376 2395
2376 2404
2376 2408
2376 2409
2376 2410
2376 2414
2376 2418
2376 2423
2376 2428
2376 2430
2376 2433
2376 2446
2376 2460
2376 2462
2376 2464
2376 2468
2376 2469
2376 2477
2376 2482
2376 2484
2376 2485
2376 2492
2376 2500
2376 2504
2376 2506
2376 2507
2376 2520
2376 2521
2376 2526
2376 2532
2376 2536
2376 2539
2376 2542
2376 2546
2376 2549
2376 2550
2376 2551
2376 2552
2376 2553
2376 2556
2376 2559
2376 2560
2376 2561
2376 2563
2376 2564
2376 2573
2376 2575
2376 2576
2376 2578
2376 2579
2376 2586
2376 2590
2376 2591
2376 2593
2376 2600
2376 2601
2376 2602
2376 2604
2376 2606
2376 2607
2376 2611
2376 2619
2376 2624
2376 2625
2376 2630
2376 2646
2376 2655
2377 2384
2377 2390
2377 2394
2377 2396
2377 2399
2377 2415
2377 2419
2377 2434
2377 2436
2377 2438
2377 2451
2377 2461
2377 2463
2377 2471
2377 2475
2377 2479
2377 2498
2377 2509
2377 2510
2377 2511
2377 2512
2377 2516
2377 2518
2377 2519
2377 2537
2377 2555
2377 2567
2377 2582
2377 2588
2377 2598
2377 2617
2377 2629
2377 2649
2377 2652
2378 2417
2378 2447
2378 2459
2378 2494
2378 2538
2378 2583
2378 2633
2378 2636
2378 2639
2378 2640
2378 2645
2378 2647
2378 2648
2379 2508
2379 2566
2379 2571
2379 2581
2379 2594
2379 2598
2379 2608
2379 2612
2379 2617
2379 2635
2380 2448
2381 2386
2381 2391
2381 2395
2381 2407
2381 2408
2381 2409
2381 2410
2381 2414
2381 2418
2381 2423
2381 2428
2381 2429
2381 2430
2381 2433
2381 2446
2381 2460
2381 2462
2381 2464
2381 2467
2381 2469
2381 2482
2381 2484
2381 2485
2381 2489
2381 2492
2381 2495
2381 2500
2381 2504
2381 2507
2381 2520
2381 2521
2381 2526
2381 2532
2381 2539
2381 2542
2381 2543
2381 2546
2381 2549
2381 2550
2381 2551
2381 2552
2381 2554
2381 2556
2381 2559
2381 2560
2381 2561
2381 2563
2381 2564
2381 2573
2381 2574
2381 2578
2381 2586
2381 2590
2381 2591
2381 2593
2381 2600
2381 2602
2381 2604
2381 2607
2381 2611
2381 2615
2381 2619
2381 2623
2381 2624
2381 2625
2381 2630
2381 2638
2381 2646
2381 2654
2381 2655
2382 2456
2383 2391
2383 2428
2383 2429
2383 2478
2383 2482
2383 2504
2383 2507
2383 2546
2383 2564
2383 2646
2384 2385
2384 2389
2384 2390
2384 2394
2384 2396
2384 2398
2384 2399
2384 2400
2384 2413
2384 2415
2384 2417
2384 2420
2384 2434
2384 2436
2384 2438
2384 2445
2384 2451
2384 2458
2384 2461
2384 2463
2384 2465
2384 2471
2384 2472
2384 2473
2384 2479
2384 2491
2384 2498
2384 2501
2384 2502
2384 2508
2384 2509
2384 2510
2384 2511
2384 2512
2384 2516
2384 2529
2384 2530
2384 2531
2384 2533
2384 2537
2384 2543
2384 2544
2384 2551
2384 2555
2384 2567
2384 2582
2384 2588
2384 2589
2384 2592
2384 2597
2384 2598
2384 2603
2384 2608
2384 2609
2384 2616
2384 2617
2384 2629
2384 2642
2384 2643
2384 2649
2384 2652
2384 2653
2385 2398
2385 2420
2385 2445
2385 2530
2385 2543
2385 2572
2385 2592
2385 2608
2385 2629
2386 2395
2386 2404
2386 2408
2386 2409
2386 2410
2386 2414
2386 2418
2386 2423
2386 2428
2386 2430
2386 2464
2386 2467
2386 2477
2386 2482
2386 2484
2386 2485
2386 2492
2386 2495
2386 2500
2386 2504
2386 2507
2386 2521
2386 2526
2386 2542
2386 2543
2386 2546
2386 2549
2386 2550
2386 2551
2386 2552
2386 2553
2386 2556
2386 2559
2386 2560
2386 2561
2386 2563
2386 2575
2386 2586
2386 2590
2386 2593
2386 2600
2386 2601
2386 2602
2386 2604
2386 2607
2386 2611
2386 2615
2386 2624
2386 2625
2386 2630
2386 2631
2386 2638
2386 2654
2386 2655
2387 2391
2387 2393
2387 2404
2387 2410
2387 2427
2387 2429
2387 2443
2387 2449
2387 2454
2387 2460
2387 2478
2387 2520
2387 2526
2387 2532
2387 2542
2387 2584
2387 2602
2387 2611
2387 2619
2389 2400
2389 2413
2389 2459
2389 2512
2389 2529
2389 2531
2389 2610
2389 2616
2389 2626
2390 2394
2390 2396
2390 2415
2390 2434
2390 2438
2390 2451
2390 2468
2390 2479
2390 2501
2390 2509
2390 2511
2390 2537
2390 2603
2390 2617
2390 2652
2391 2393
2391 2395
2391 2404
2391 2428
2391 2478
2391 2495
2391 2536
2391 2542
2391 2545
2391 2552
2391 2553
2391 2556
2391 2576
2391 2584
2391 2600
2391 2607
2391 2611
2391 2623
2391 2625
2392 2395
2392 2404
2392 2408
2392 2410
2392 2418
2392 2428
2392 2430
2392 2446
2392 2460
2392 2464
2392 2468
2392 2476
2392 2478
2392 2482
2392 2492
2392 2495
2392 2500
2392 2507
2392 2509
2392 2520
2392 2526
2392 2542
2392 2543
2392 2549
2392 2551
2392 2553
2392 2556
2392 2560
2392 2564
2392 2574
2392 2575
2392 2590
2392 2592
2392 2593
2392 2600
2392 2601
2392 2602
2392 2607
2392 2611
2392 2619
2392 2646
2393 2404
2393 2449
2393 2478
2393 2499
2393 2526
2393 2542
2393 2584
2394 2396
2394 2417
2394 2432
2394 2434
2394 2438
2394 2445
2394 2451
2394 2458
2394 2461
2394 2471
2394 2473
2394 2479
2394 2491
2394 2501
2394 2508
2394 2509
2394 2510
2394 2511
2394 2537
2394 2543
2394 2547
2394 2571
2394 2589
2394 2592
2394 2594
2394 2597
2394 2598
2394 2603
2394 2608
2394 2617
2394 2649
2394 2652
2395 2404
2395 2407
2395 2408
2395 2410
2395 2414
2395 2423
2395 2428
2395 2430
2395 2433
2395 2446
2395 2460
2395 2462
2395 2464
2395 2467
2395 2468
2395 2477
2395 2482
2395 2485
2395 2492
2395 2495
2395 2499
2395 2500
2395 2504
2395 2506
2395 2507
2395 2520
2395 2521
2395 2526
2395 2532
2395 2539
2395 2542
2395 2543
2395 2549
2395 2550
2395 2551
2395 2553
2395 2556
2395 2559
2395 2560
2395 2561
2395 2564
2395 2573
2395 2574
2395 2578
2395 2579
2395 2586
2395 2590
2395 2593
2395 2600
2395 2601
2395 2602
2395 2604
2395 2606
2395 2607
2395 2611
2395 2615
2395 2619
2395 2623
2395 2624
2395 2625
2395 2638
2395 2654
2395 2655
2396 2415
2396 2432
2396 2434
2396 2438
2396 2451
2396 2458
2396 2459
2396 2465
2396 2473
2396 2479
2396 2491
2396 2501
2396 2509
2396 2510
2396 2511
2396 2537
2396 2592
2396 2594
2396 2603
2396 2608
2396 2617
2396 2652
2397 2403
2397 2411
2397 2448
2397 2474
2397 2488
2397 2497
2397 2523
2397 2562
2397 2570
2397 2577
2397 2628
2397 2644
2398 2399
2398 2401
2398 2419
2398 2420
2398 2436
2398 2445
2398 2451
2398 2458
2398 2461
2398 2463
2398 2468
2398 2471
2398 2490
2398 2491
2398 2496
2398 2501
2398 2508
2398 2510
2398 2511
2398 2512
2398 2518
2398 2533
2398 2542
2398 2543
2398 2547
2398 2555
2398 2567
2398 2582
2398 2589
2398 2592
2398 2594
2398 2597
2398 2598
2398 2608
2398 2616
2398 2617
2398 2629
2398 2642
2398 2649
2398 2653
2399 2419
2399 2434
2399 2438
2399 2458
2399 2461
2399 2463
2399 2466
2399 2471
2399 2475
2399 2509
2399 2511
2399 2512
2399 2516
2399 2519
2399 2544
2399 2555
2399 2582
2399 2598
2399 2603
2399 2608
2399 2616
2399 2617
2399 2637
2399 2649
2400 2413
2400 2529
2400 2531
2400 2610
2400 2616
2400 2629
2401 2426
2401 2444
2401 2466
2401 2486
2401 2513
2401 2515
2401 2594
2401 2622
2401 2650
2402 2448
2402 2488
2402 2614
2403 2405
2403 2497
2403 2503
2403 2534
2403 2618
2404 2407
2404 2409
2404 2410
2404 2414
2404 2418
2404 2423
2404 2428
2404 2433
2404 2446
2404 2460
2404 2467
2404 2468
2404 2469
2404 2477
2404 2492
2404 2495
2404 2499
2404 2500
2404 2504
2404 2506
2404 2507
2404 2520
2404 2526
2404 2539
2404 2542
2404 2549
2404 2550
2404 2552
2404 2553
2404 2554
2404 2560
2404 2563
2404 2564
2404 2573
2404 2575
2404 2576
2404 2579
2404 2586
2404 2590
2404 2593
2404 2600
2404 2601
2404 2602
2404 2604
2404 2606
2404 2607
2404 2611
2404 2615
2404 2624
2404 2625
2404 2630
2404 2631
2404 2638
2404 2654
2404 2655
2405 2412
2405 2587
2405 2659
2406 2453
2406 2473
2406 2514
2406 2566
2406 2610
2406 2612
2407 2408
2407 2409
2407 2410
2407 2414
2407 2423
2407 2428
2407 2446
2407 2464
2407 2489
2407 2500
2407 2504
2407 2507
2407 2539
2407 2542
2407 2543
2407 2551
2407 2553
2407 2556
2407 2559
2407 2564
2407 2590
2407 2593
2407 2600
2407 2602
2407 2607
2407 2613
2407 2615
2407 2625
2407 2631
2407 2646
2407 2655
2408 2409
2408 2410
2408 2414
2408 2418
2408 2423
2408 2428
2408 2430
2408 2446
2408 2462
2408 2464
2408 2468
2408 2477
2408 2482
2408 2485
2408 2489
2408 2492
2408 2500
2408 2504
2408 2507
2408 2521
2408 2539
2408 2542
2408 2543
2408 2546
2408 2549
2408 2550
2408 2551
2408 2552
2408 2553
2408 2556
2408 2560
2408 2561
2408 2564
2408 2578
2408 2579
2408 2586
2408 2590
2408 2593
2408 2600
2408 2601
2408 2602
2408 2604
2408 2607
2408 2611
2408 2615
2408 2619
2408 2623
2408 2624
2408 2625
2408 2630
2408 2638
2408 2646
2408 2654
2408 2655
2409 2410
2409 2414
2409 2418
2409 2423
2409 2428
2409 2429
2409 2430
2409 2446
2409 2460
2409 2464
2409 2467
2409 2468
2409 2469
2409 2477
2409 2478
2409 2482
2409 2485
2409 2489
2409 2492
2409 2495
2409 2500
2409 2504
2409 2507
2409 2520
2409 2521
2409 2539
2409 2542
2409 2543
2409 2546
2409 2549
2409 2550
2409 2551
2409 2552
2409 2553
2409 2559
2409 2560
2409 2561
2409 2563
2409 2564
2409 2573
2409 2578
2409 2579
2409 2586
2409 2590
2409 2591
2409 2593
2409 2600
2409 2601
2409 2602
2409 2604
2409 2607
2409 2615
2409 2623
2409 2624
2409 2625
2409 2630
2409 2638
2409 2646
2409 2654
2409 2655
2410 2414
2410 2423
2410 2428
2410 2430
2410 2433
2410 2446
2410 2449
2410 2460
2410 2462
2410 2464
2410 2467
2410 2468
2410 2469
2410 2476
2410 2477
2410 2478
2410 2482
2410 2484
2410 2485
2410 2489
2410 2492
2410 2495
2410 2499
2410 2500
2410 2507
2410 2512
2410 2520
2410 2521
2410 2526
2410 2532
2410 2536
2410 2539
2410 2542
2410 2543
2410 2549
2410 2550
2410 2551
2410 2552
2410 2553
2410 2554
2410 2556
2410 2559
2410 2560
2410 2561
2410 2563
2410 2564
2410 2573
2410 2574
2410 2575
2410 2576
2410 2578
2410 2579
2410 2586
2410 2590
2410 2591
2410 2593
2410 2600
2410 2601
2410 2602
2410 2604
2410 2606
2410 2607
2410 2611
2410 2615
2410 2619
2410 2623
2410 2624
2410 2625
2410 2630
2410 2631
2410 2638
2410 2646
2410 2654
2410 2655
2411 2412
2411 2474
2411 2488
2411 2497
2411 2523
2411 2580
2412 2424
2412 2455
2412 2570
2412 2577
2412 2587
2412 2628
2412 2656
2413 2459
2413 2529
2413 2531
2413 2616
2414 2418
2414 2423
2414 2428
2414 2430
2414 2433
2414 2446
2414 2460
2414 2462
2414 2464
2414 2467
2414 2468
2414 2469
2414 2476
2414 2477
2414 2478
2414 2482
2414 2484
2414 2485
2414 2489
2414 2492
2414 2495
2414 2500
2414 2504
2414 2506
2414 2507
2414 2520
2414 2521
2414 2526
2414 2539
2414 2542
