2414 2543
2414 2546
2414 2549
2414 2550
2414 2552
2414 2553
2414 2556
2414 2559
2414 2560
2414 2561
2414 2563
2414 2564
2414 2573
2414 2574
2414 2575
2414 2578
2414 2586
2414 2590
2414 2593
2414 2600
2414 2601
2414 2602
2414 2604
2414 2606
2414 2607
2414 2611
2414 2615
2414 2623
2414 2624
2414 2625
2414 2630
2414 2638
2414 2655
2415 2432
2415 2434
2415 2438
2415 2479
2415 2501
2415 2509
2415 2511
2415 2537
2415 2603
2415 2617
2415 2652
2416 2419
2416 2425
2416 2480
2416 2525
2416 2557
2416 2603
2416 2610
2416 2637
2416 2641
2416 2642
2417 2447
2417 2459
2417 2471
2417 2473
2417 2491
2417 2508
2417 2537
2417 2538
2417 2543
2417 2571
2417 2594
2417 2597
2417 2598
2417 2608
2417 2640
2417 2649
2418 2423
2418 2428
2418 2433
2418 2446
2418 2462
2418 2464
2418 2477
2418 2489
2418 2492
2418 2495
2418 2500
2418 2507
2418 2521
2418 2539
2418 2542
2418 2546
2418 2550
2418 2551
2418 2553
2418 2560
2418 2564
2418 2575
2418 2586
2418 2590
2418 2593
2418 2600
2418 2601
2418 2602
2418 2604
2418 2607
2418 2611
2418 2615
2418 2624
2418 2625
2418 2638
2418 2646
2418 2654
2419 2434
2419 2436
2419 2445
2419 2461
2419 2463
2419 2471
2419 2475
2419 2491
2419 2493
2419 2498
2419 2509
2419 2510
2419 2511
2419 2512
2419 2516
2419 2518
2419 2519
2419 2525
2419 2557
2419 2582
2419 2588
2419 2589
2419 2598
2419 2603
2419 2608
2419 2610
2419 2616
2419 2617
2419 2629
2419 2637
2419 2641
2419 2642
2419 2649
2420 2451
2420 2458
2420 2465
2420 2468
2420 2509
2420 2510
2420 2511
2420 2533
2420 2543
2420 2555
2420 2567
2420 2592
2420 2597
2420 2598
2420 2609
2420 2617
2420 2629
2420 2642
2420 2643
2420 2653
2421 2437
2421 2634
2422 2441
2422 2558
2423 2428
2423 2433
2423 2446
2423 2460
2423 2464
2423 2467
2423 2477
2423 2482
2423 2485
2423 2489
2423 2492
2423 2495
2423 2500
2423 2504
2423 2506
2423 2507
2423 2526
2423 2532
2423 2539
2423 2542
2423 2543
2423 2549
2423 2550
2423 2552
2423 2553
2423 2559
2423 2560
2423 2564
2423 2573
2423 2574
2423 2575
2423 2578
2423 2586
2423 2590
2423 2593
2423 2600
2423 2601
2423 2602
2423 2604
2423 2607
2423 2611
2423 2619
2423 2624
2423 2625
2423 2630
2423 2631
2423 2638
2423 2654
2423 2655
2424 2455
2424 2587
2424 2644
2424 2659
2425 2468
2425 2480
2425 2498
2425 2525
2425 2557
2425 2581
2425 2594
2425 2610
2425 2637
2425 2641
2425 2642
2426 2444
2426 2486
2426 2490
2426 2510
2426 2513
2426 2526
2426 2553
2426 2622
2426 2650
2427 2429
2427 2449
2427 2454
2427 2476
2427 2478
2427 2499
2427 2512
2427 2611
2428 2429
2428 2430
2428 2433
2428 2446
2428 2460
2428 2462
2428 2464
2428 2468
2428 2469
2428 2477
2428 2482
2428 2485
2428 2489
2428 2492
2428 2495
2428 2500
2428 2504
2428 2507
2428 2520
2428 2521
2428 2526
2428 2532
2428 2539
2428 2542
2428 2543
2428 2546
2428 2549
2428 2550
2428 2551
2428 2552
2428 2553
2428 2554
2428 2559
2428 2560
2428 2561
2428 2563
2428 2564
2428 2573
2428 2575
2428 2578
2428 2586
2428 2590
2428 2591
2428 2593
2428 2600
2428 2601
2428 2602
2428 2604
2428 2607
2428 2611
2428 2613
2428 2615
2428 2623
2428 2624
2428 2625
2428 2630
2428 2638
2428 2646
2428 2654
2428 2655
2429 2430
2429 2449
2429 2467
2429 2478
2429 2489
2429 2492
2429 2507
2429 2512
2429 2526
2429 2543
2429 2546
2429 2561
2429 2563
2429 2586
2429 2590
2429 2594
2429 2601
2429 2604
2429 2607
2429 2611
2429 2623
2429 2624
2429 2646
2430 2433
2430 2446
2430 2449
2430 2460
2430 2464
2430 2469
2430 2476
2430 2478
2430 2482
2430 2484
2430 2485
2430 2489
2430 2492
2430 2499
2430 2500
2430 2504
2430 2507
2430 2520
2430 2526
2430 2542
2430 2543
2430 2546
2430 2549
2430 2552
2430 2553
2430 2560
2430 2561
2430 2563
2430 2564
2430 2573
2430 2578
2430 2586
2430 2591
2430 2593
2430 2600
2430 2601
2430 2602
2430 2604
2430 2607
2430 2623
2430 2624
2430 2625
2430 2630
2430 2646
2430 2655
2431 2528
2431 2558
2432 2434
2432 2438
2432 2486
2432 2501
2432 2509
2432 2537
2432 2603
2433 2446
2433 2464
2433 2467
2433 2468
2433 2477
2433 2484
2433 2492
2433 2495
2433 2499
2433 2500
2433 2504
2433 2507
2433 2520
2433 2536
2433 2539
2433 2542
2433 2543
2433 2546
2433 2549
2433 2550
2433 2551
2433 2552
2433 2553
2433 2556
2433 2559
2433 2560
2433 2563
2433 2564
2433 2574
2433 2575
2433 2586
2433 2590
2433 2591
2433 2593
2433 2600
2433 2601
2433 2602
2433 2604
2433 2607
2433 2611
2433 2615
2433 2619
2433 2624
2433 2625
2433 2630
2433 2638
2434 2438
2434 2451
2434 2458
2434 2461
2434 2471
2434 2479
2434 2501
2434 2509
2434 2511
2434 2512
2434 2518
2434 2537
2434 2582
2434 2603
2434 2617
2434 2652
2435 2494
2435 2538
2435 2583
2435 2645
2435 2647
2436 2445
2436 2451
2436 2458
2436 2463
2436 2471
2436 2475
2436 2491
2436 2498
2436 2502
2436 2508
2436 2510
2436 2511
2436 2533
2436 2543
2436 2544
2436 2567
2436 2588
2436 2589
2436 2597
2436 2598
2436 2616
2436 2617
2436 2629
2436 2635
2436 2649
2436 2653
2438 2451
2438 2458
2438 2479
2438 2480
2438 2501
2438 2509
2438 2511
2438 2518
2438 2537
2438 2543
2438 2568
2438 2592
2438 2603
2438 2617
2438 2643
2438 2652
2439 2450
2439 2528
2439 2548
2439 2558
2439 2621
2440 2448
2440 2488
2440 2497
2440 2577
2440 2618
2440 2628
2440 2644
2441 2558
2442 2499
2443 2478
2443 2490
2443 2527
2443 2542
2443 2584
2443 2622
2443 2635
2444 2486
2444 2490
2444 2513
2444 2515
2444 2622
2444 2650
2445 2451
2445 2458
2445 2463
2445 2471
2445 2491
2445 2508
2445 2510
2445 2511
2445 2526
2445 2533
2445 2567
2445 2589
2445 2597
2445 2598
2445 2616
2445 2617
2445 2649
2445 2653
2446 2460
2446 2464
2446 2468
2446 2477
2446 2482
2446 2484
2446 2489
2446 2492
2446 2499
2446 2500
2446 2504
2446 2507
2446 2520
2446 2526
2446 2539
2446 2542
2446 2543
2446 2546
2446 2549
2446 2550
2446 2551
2446 2553
2446 2559
2446 2560
2446 2561
2446 2564
2446 2573
2446 2574
2446 2575
2446 2578
2446 2579
2446 2586
2446 2590
2446 2593
2446 2600
2446 2601
2446 2602
2446 2604
2446 2607
2446 2611
2446 2615
2446 2619
2446 2623
2446 2625
2446 2630
2446 2638
2446 2646
2446 2654
2446 2655
2447 2459
2447 2538
2447 2585
2447 2620
2447 2636
2447 2639
2447 2640
2447 2645
2447 2647
2447 2648
2447 2657
2447 2658
2447 2660
2448 2488
2448 2540
2448 2562
2448 2614
2448 2618
2448 2628
2448 2644
2449 2454
2449 2476
2449 2478
2449 2499
2449 2512
2449 2526
2449 2561
2449 2594
2449 2602
2449 2611
2449 2623
2449 2631
2449 2655
2450 2548
2450 2558
2450 2614
2450 2632
2451 2458
2451 2463
2451 2471
2451 2479
2451 2491
2451 2508
2451 2509
2451 2510
2451 2511
2451 2512
2451 2522
2451 2533
2451 2537
2451 2543
2451 2589
2451 2592
2451 2594
2451 2597
2451 2598
2451 2603
2451 2608
2451 2617
2451 2649
2451 2652
2451 2653
2452 2498
2452 2637
2453 2505
2453 2651
2454 2478
2454 2542
2454 2545
2454 2611
2454 2631
2455 2587
2456 2541
2458 2491
2458 2501
2458 2508
2458 2509
2458 2510
2458 2511
2458 2516
2458 2518
2458 2537
2458 2543
2458 2547
2458 2555
2458 2589
2458 2592
2458 2594
2458 2598
2458 2608
2458 2617
2458 2649
2458 2652
2458 2653
2459 2529
2459 2531
2459 2538
2459 2583
2459 2620
2459 2640
2459 2645
2459 2658
2460 2462
2460 2464
2460 2467
2460 2468
2460 2477
2460 2478
2460 2482
2460 2485
2460 2492
2460 2495
2460 2499
2460 2500
2460 2504
2460 2506
2460 2507
2460 2520
2460 2521
2460 2526
2460 2532
2460 2542
2460 2546
2460 2550
2460 2551
2460 2552
2460 2553
2460 2556
2460 2559
2460 2560
2460 2564
2460 2573
2460 2574
2460 2575
2460 2576
2460 2578
2460 2579
2460 2586
2460 2590
2460 2593
2460 2600
2460 2601
2460 2602
2460 2604
2460 2607
2460 2611
2460 2615
2460 2619
2460 2623
2460 2624
2460 2625
2460 2630
2460 2631
2460 2638
2460 2654
2460 2655
2461 2463
2461 2471
2461 2475
2461 2491
2461 2498
2461 2508
2461 2509
2461 2510
2461 2511
2461 2512
2461 2537
2461 2543
2461 2555
2461 2567
2461 2582
2461 2588
2461 2594
2461 2597
2461 2598
2461 2608
2461 2616
2461 2617
2461 2629
2461 2642
2461 2643
2461 2649
2462 2464
2462 2467
2462 2482
2462 2506
2462 2521
2462 2526
2462 2543
2462 2550
2462 2551
2462 2561
2462 2573
2462 2581
2462 2586
2462 2600
2462 2601
2462 2602
2462 2604
2462 2611
2462 2615
2462 2630
2462 2646
2463 2471
2463 2475
2463 2491
2463 2498
2463 2508
2463 2509
2463 2510
2463 2511
2463 2512
2463 2516
2463 2525
2463 2529
2463 2533
2463 2543
2463 2544
2463 2547
2463 2567
2463 2582
2463 2588
2463 2589
2463 2592
2463 2598
2463 2616
2463 2617
2463 2629
2463 2642
2463 2643
2463 2649
2463 2653
2464 2467
2464 2468
2464 2469
2464 2482
2464 2484
2464 2485
2464 2489
2464 2492
2464 2495
2464 2499
2464 2500
2464 2504
2464 2506
2464 2507
2464 2520
2464 2521
2464 2526
2464 2532
2464 2536
2464 2539
2464 2542
2464 2543
2464 2546
2464 2549
2464 2550
2464 2551
2464 2552
2464 2553
2464 2554
2464 2556
2464 2559
2464 2560
2464 2561
2464 2563
2464 2564
2464 2573
2464 2574
2464 2575
2464 2578
2464 2579
2464 2586
2464 2590
2464 2591
2464 2593
2464 2600
2464 2601
2464 2602
2464 2604
2464 2606
2464 2607
2464 2611
2464 2615
2464 2619
2464 2623
2464 2624
2464 2625
2464 2630
2464 2631
2464 2638
2464 2646
2464 2654
2464 2655
2465 2471
2465 2472
2465 2510
2465 2533
2465 2543
2465 2555
2465 2567
2465 2588
2465 2592
2465 2598
2465 2599
2465 2609
2465 2629
2465 2643
2465 2653
2466 2650
2467 2468
2467 2469
2467 2482
2467 2484
2467 2492
2467 2507
2467 2520
2467 2521
2467 2526
2467 2543
2467 2546
2467 2549
2467 2552
2467 2554
2467 2556
2467 2559
2467 2560
2467 2561
2467 2564
2467 2573
2467 2574
2467 2586
2467 2590
2467 2600
2467 2601
2467 2602
2467 2604
2467 2607
2467 2611
2467 2615
2467 2625
2467 2630
2467 2654
2468 2469
2468 2482
2468 2484
2468 2485
2468 2489
2468 2492
2468 2500
2468 2506
2468 2507
2468 2510
2468 2511
2468 2520
2468 2521
2468 2526
2468 2533
2468 2542
2468 2543
2468 2549
2468 2550
2468 2551
2468 2552
2468 2553
2468 2555
2468 2559
2468 2560
2468 2561
2468 2563
2468 2564
2468 2572
2468 2573
2468 2575
2468 2578
2468 2586
2468 2594
2468 2597
2468 2600
2468 2601
2468 2602
2468 2604
2468 2606
2468 2611
2468 2615
2468 2619
2468 2624
2468 2625
2468 2630
2468 2631
2468 2646
2469 2478
2469 2482
2469 2492
2469 2495
2469 2500
2469 2507
2469 2520
2469 2526
2469 2542
2469 2543
2469 2549
2469 2550
2469 2551
2469 2553
2469 2556
2469 2560
2469 2561
2469 2564
2469 2575
2469 2586
2469 2590
2469 2593
2469 2600
2469 2601
2469 2602
2469 2604
2469 2606
2469 2607
2469 2611
2469 2615
2469 2619
2469 2623
2469 2624
2469 2630
2469 2638
2469 2654
2469 2655
2471 2473
2471 2475
2471 2491
2471 2498
2471 2508
2471 2509
2471 2510
2471 2511
2471 2512
2471 2516
2471 2518
2471 2519
2471 2533
2471 2537
2471 2543
2471 2555
2471 2567
2471 2582
2471 2588
2471 2589
2471 2592
2471 2594
2471 2598
2471 2608
2471 2616
2471 2617
2471 2629
2471 2642
2471 2643
2471 2649
2472 2533
2472 2543
2472 2555
2472 2567
2472 2571
2472 2592
2472 2597
2472 2598
2472 2599
2472 2609
2472 2629
2472 2639
2472 2642
2472 2653
2473 2491
2473 2508
2473 2537
2473 2543
2473 2547
2473 2566
2473 2589
2473 2594
2473 2597
2473 2598
2473 2608
2473 2612
2473 2649
2474 2497
2474 2523
2474 2570
2474 2577
2474 2580
2474 2628
2474 2644
2475 2498
2475 2508
2475 2509
2475 2512
2475 2516
2475 2555
2475 2582
2475 2588
2475 2598
2475 2629
2475 2642
2475 2649
2476 2482
2476 2507
2476 2561
2476 2576
2476 2584
2476 2611
2477 2485
2477 2495
2477 2500
2477 2504
2477 2507
2477 2520
2477 2521
2477 2526
2477 2546
2477 2549
2477 2551
2477 2553
2477 2559
2477 2560
2477 2561
2477 2564
2477 2575
2477 2578
2477 2590
2477 2593
2477 2601
2477 2604
2477 2607
2477 2619
2477 2624
2477 2625
2477 2638
2477 2646
2478 2482
2478 2501
2478 2507
2478 2512
2478 2526
2478 2543
2478 2550
2478 2551
2478 2556
2478 2560
2478 2561
2478 2564
2478 2576
2478 2584
2478 2586
2478 2601
2478 2602
2478 2611
2478 2619
2478 2623
2478 2624
2478 2646
2479 2501
2479 2511
2479 2537
2479 2603
2479 2617
2479 2652
2480 2518
2480 2540
2480 2610
2480 2637
2480 2642
2481 2535
2482 2484
2482 2489
2482 2492
2482 2500
2482 2504
2482 2507
2482 2520
2482 2521
2482 2526
2482 2536
2482 2539
2482 2542
2482 2543
2482 2549
2482 2550
2482 2551
2482 2559
2482 2560
2482 2561
2482 2564
2482 2573
2482 2578
2482 2586
2482 2590
2482 2593
2482 2600
2482 2601
2482 2602
2482 2604
2482 2607
2482 2611
2482 2613
2482 2619
2482 2623
2482 2624
2482 2625
2482 2630
2482 2631
2482 2638
2482 2646
2482 2654
2482 2655
2483 2527
2483 2595
2484 2485
2484 2492
2484 2495
2484 2526
2484 2532
2484 2536
2484 2539
2484 2542
2484 2546
2484 2549
2484 2551
2484 2552
2484 2553
2484 2554
2484 2560
2484 2564
2484 2574
2484 2575
2484 2578
2484 2586
2484 2590
2484 2591
2484 2593
2484 2602
2484 2604
2484 2607
2484 2611
2484 2613
2484 2615
2484 2619
2484 2624
2484 2625
2484 2630
2484 2654
2484 2655
2485 2492
2485 2495
2485 2500
2485 2504
2485 2507
2485 2521
2485 2539
2485 2542
2485 2543
2485 2549
2485 2551
2485 2553
2485 2560
2485 2563
2485 2564
2485 2573
2485 2578
2485 2586
2485 2590
2485 2591
2485 2593
2485 2600
2485 2601
2485 2602
2485 2604
2485 2607
2485 2611
2485 2615
2485 2623
2485 2624
2485 2625
2485 2630
2485 2638
2485 2646
2485 2654
2485 2655
2486 2490
2486 2513
2486 2515
2486 2622
2486 2650
2487 2535
2488 2523
2488 2570
2488 2628
2488 2644
2489 2492
2489 2507
2489 2521
2489 2539
2489 2542
2489 2543
2489 2560
2489 2563
2489 2564
2489 2586
2489 2593
2489 2600
2489 2601
2489 2602
2489 2604
2489 2607
2489 2623
2489 2624
2489 2625
2489 2638
2489 2646
2489 2654
2490 2513
2490 2515
2490 2622
2490 2650
2491 2508
2491 2509
2491 2510
2491 2511
2491 2536
2491 2537
2491 2543
2491 2555
2491 2588
2491 2589
2491 2592
2491 2594
2491 2597
2491 2598
2491 2608
2491 2616
2491 2617
2491 2629
2491 2635
2491 2643
2491 2649
2491 2653
2492 2495
2492 2500
2492 2506
2492 2507
2492 2520
2492 2521
2492 2526
2492 2532
2492 2539
2492 2543
2492 2546
2492 2549
2492 2550
2492 2552
2492 2553
2492 2554
2492 2556
2492 2559
2492 2560
2492 2561
2492 2564
2492 2573
2492 2574
2492 2578
2492 2586
2492 2590
2492 2593
2492 2600
2492 2601
2492 2602
2492 2604
2492 2607
2492 2611
2492 2615
2492 2619
2492 2623
2492 2624
2492 2625
2492 2630
2492 2638
2492 2646
2492 2654
2492 2655
2493 2641
2494 2538
2494 2583
2494 2626
2494 2639
2494 2645
2494 2647
2494 2648
2494 2658
2494 2660
2495 2500
2495 2507
2495 2520
2495 2532
2495 2539
2495 2542
2495 2543
2495 2546
2495 2550
2495 2551
2495 2552
2495 2553
2495 2554
2495 2559
2495 2563
2495 2564
2495 2574
2495 2579
2495 2586
2495 2590
2495 2591
2495 2593
2495 2600
2495 2601
2495 2602
2495 2604
2495 2607
2495 2611
2495 2619
2495 2623
2495 2624
2495 2625
2495 2630
2495 2631
2495 2638
2495 2654
2495 2655
2496 2543
2496 2567
2496 2629
2497 2503
2497 2534
2497 2644
2498 2509
2498 2512
2498 2567
2498 2581
2498 2582
2498 2588
2498 2592
2498 2598
2498 2610
2498 2616
2498 2649
2499 2500
2499 2506
2499 2520
2499 2521
2499 2524
2499 2526
2499 2536
2499 2549
2499 2550
2499 2553
2499 2559
2499 2560
2499 2561
2499 2574
2499 2575
2499 2578
2499 2591
2499 2607
2499 2611
2499 2623
2499 2631
2499 2655
2500 2504
2500 2506
2500 2507
2500 2520
2500 2521
2500 2526
2500 2532
2500 2536
2500 2539
2500 2542
2500 2546
2500 2549
2500 2552
2500 2553
2500 2554
2500 2559
2500 2560
2500 2561
2500 2563
2500 2564
2500 2573
2500 2574
2500 2578
2500 2586
2500 2590
2500 2591
2500 2593
2500 2600
2500 2601
2500 2602
2500 2604
2500 2606
2500 2607
2500 2611
2500 2615
2500 2623
2500 2624
2500 2625
2500 2630
2500 2631
2500 2638
2500 2646
2500 2654
2500 2655
2501 2509
2501 2511
2501 2524
2501 2537
2501 2542
2501 2543
2501 2560
2501 2568
2501 2598
2501 2603
2501 2617
2501 2649
2501 2652
2502 2516
2502 2519
2502 2529
2502 2530
2502 2533
2502 2543
2502 2544
2502 2582
2502 2605
2502 2629
2502 2643
2502 2649
2503 2534
2504 2507
2504 2520
2504 2526
2504 2546
2504 2549
2504 2550
2504 2551
2504 2553
2504 2554
2504 2556
2504 2559
2504 2560
2504 2561
2504 2563
2504 2564
2504 2575
2504 2578
2504 2586
2504 2590
2504 2593
2504 2601
2504 2602
2504 2604
2504 2607
2504 2611
2504 2615
2504 2619
2504 2623
2504 2624
2504 2625
2504 2630
2504 2631
2504 2638
2504 2646
2504 2655
2505 2651
2506 2507
2506 2520
2506 2521
2506 2526
2506 2542
2506 2543
2506 2550
2506 2551
2506 2553
2506 2560
2506 2561
2506 2573
2506 2574
2506 2575
2506 2576
2506 2579
2506 2590
2506 2593
2506 2600
2506 2601
2506 2602
2506 2604
2506 2607
2506 2611
2506 2615
2506 2619
2506 2624
2506 2625
2506 2630
2506 2631
2507 2520
2507 2521
2507 2526
2507 2532
2507 2539
2507 2542
2507 2543
2507 2546
2507 2549
2507 2550
2507 2551
2507 2552
2507 2553
2507 2554
2507 2556
2507 2559
2507 2560
2507 2561
2507 2563
2507 2564
2507 2573
2507 2575
2507 2578
2507 2579
2507 2586
2507 2590
2507 2591
2507 2593
2507 2600
2507 2601
2507 2602
2507 2604
2507 2607
2507 2611
2507 2615
2507 2619
2507 2623
2507 2624
2507 2625
2507 2630
2507 2638
2507 2646
2507 2654
2507 2655
2508 2510
2508 2511
2508 2516
2508 2537
2508 2543
2508 2555
2508 2567
2508 2571
2508 2589
2508 2592
2508 2594
2508 2597
2508 2598
2508 2608
2508 2649
2509 2510
2509 2511
2509 2512
2509 2518
2509 2537
2509 2544
2509 2547
2509 2555
2509 2582
2509 2588
2509 2592
2509 2597
2509 2598
2509 2603
2509 2608
2509 2616
2509 2617
2509 2629
2509 2642
2509 2649
2509 2652
2510 2511
2510 2512
2510 2516
2510 2518
2510 2522
2510 2533
2510 2537
2510 2543
2510 2547
2510 2555
2510 2567
2510 2582
2510 2588
2510 2589
2510 2592
2510 2594
2510 2597
2510 2598
2510 2608
2510 2616
2510 2617
2510 2629
2510 2642
2510 2643
2510 2649
2510 2653
2511 2512
2511 2516
2511 2533
2511 2537
2511 2543
2511 2555
2511 2567
2511 2589
2511 2592
2511 2594
2511 2597
2511 2598
2511 2603
2511 2608
2511 2616
2511 2617
2511 2649
2511 2652
2511 2653
2512 2516
2512 2519
2512 2520
2512 2543
2512 2544
2512 2560
2512 2576
2512 2582
2512 2588
2512 2598
2512 2611
2512 2629
2512 2637
2512 2649
2513 2622
2513 2650
2514 2517
2514 2588
2515 2545
2515 2622
2515 2650
2516 2518
2516 2519
2516 2543
2516 2544
2516 2555
2516 2567
2516 2582
2516 2594
2516 2598
2516 2605
2516 2629
2516 2642
2516 2643
2516 2649
2518 2519
2518 2594
2518 2598
2518 2602
2518 2611
2518 2642
2519 2543
2519 2582
2519 2598
2519 2643
2519 2649
2520 2526
2520 2532
2520 2539
2520 2542
2520 2546
2520 2549
2520 2550
2520 2553
2520 2556
2520 2560
2520 2561
2520 2564
2520 2573
2520 2575
2520 2578
2520 2579
2520 2586
2520 2590
2520 2591
2520 2600
2520 2601
2520 2602
2520 2604
2520 2607
2520 2611
2520 2615
2520 2619
2520 2624
2520 2625
2520 2630
2520 2631
2520 2638
2520 2654
2520 2655
2521 2526
2521 2530
2521 2532
2521 2542
2521 2543
2521 2550
2521 2551
2521 2556
2521 2560
2521 2563
2521 2564
2521 2575
2521 2578
2521 2586
2521 2590
2521 2593
2521 2600
2521 2601
2521 2602
2521 2604
2521 2607
2521 2611
2521 2615
2521 2619
2521 2623
2521 2624
2521 2625
2521 2638
2521 2646
2521 2654
2521 2655
2522 2567
2522 2608
2523 2566
2523 2612
2524 2526
2524 2611
2525 2540
2525 2557
2525 2603
2525 2637
2525 2641
2525 2642
2526 2536
2526 2539
2526 2542
2526 2543
2526 2549
2526 2550
2526 2551
2526 2552
2526 2553
2526 2556
2526 2560
2526 2561
2526 2564
2526 2575
2526 2578
2526 2579
2526 2586
2526 2590
2526 2591
2526 2593
2526 2600
2526 2601
2526 2602
2526 2604
2526 2606
2526 2607
2526 2611
2526 2615
2526 2619
2526 2623
2526 2624
2526 2625
2526 2630
2526 2631
2526 2638
2526 2654
2526 2655
2527 2595
2528 2558
2528 2621
2529 2530
2529 2531
2529 2555
2529 2592
2529 2610
2529 2616
2530 2560
2530 2567
2530 2592
2531 2557
2531 2571
2531 2610
2531 2616
2532 2539
2532 2542
2532 2549
2532 2552
2532 2553
2532 2556
2532 2559
2532 2560
2532 2574
2532 2575
2532 2586
2532 2590
2532 2591
2532 2593
2532 2600
2532 2601
2532 2602
2532 2604
2532 2607
2532 2615
2532 2624
2532 2625
2532 2630
2532 2654
2532 2655
2533 2543
2533 2544
2533 2555
2533 2567
2533 2582
2533 2589
2533 2592
2533 2597
2533 2598
2533 2629
2533 2635
2533 2642
2533 2643
2533 2649
2534 2659
2535 2570
2536 2542
2536 2546
2536 2553
2536 2574
2536 2575
2536 2576
2536 2591
2536 2611
2536 2619
2536 2630
2537 2543
2537 2547
2537 2567
2537 2589
2537 2592
2537 2594
2537 2598
2537 2603
2537 2608
2537 2616
2537 2617
2537 2649
2537 2652
2538 2585
2538 2620
2538 2626
2538 2633
2538 2639
2538 2640
2538 2645
2538 2647
2538 2658
2538 2659
2539 2542
2539 2546
2539 2549
2539 2550
2539 2551
2539 2554
2539 2560
2539 2574
2539 2575
2539 2586
2539 2590
2539 2591
2539 2593
2539 2600
2539 2602
2539 2604
2539 2607
2539 2611
2539 2615
2539 2619
2539 2623
2539 2624
2539 2625
2539 2630
2539 2654
2539 2655
2540 2557
2540 2634
2540 2637
2540 2642
2542 2543
2542 2546
2542 2549
2542 2550
2542 2551
2542 2552
2542 2553
2542 2556
2542 2559
2542 2560
2542 2561
2542 2563
2542 2564
2542 2573
2542 2574
2542 2575
2542 2578
2542 2579
2542 2586
2542 2590
2542 2593
2542 2600
2542 2601
2542 2602
2542 2604
2542 2607
2542 2611
2542 2615
2542 2619
2542 2623
2542 2624
2542 2625
2542 2630
2542 2631
2542 2646
2542 2654
2542 2655
2543 2544
2543 2546
2543 2551
2543 2555
2543 2559
2543 2560
2543 2561
2543 2564
2543 2567
2543 2572
2543 2573
2543 2575
2543 2578
2543 2579
2543 2582
2543 2586
2543 2588
2543 2590
2543 2592
2543 2593
2543 2594
2543 2597
2543 2598
2543 2599
2543 2600
2543 2601
2543 2602
2543 2604
2543 2605
2543 2606
2543 2607
2543 2608
2543 2609
2543 2611
2543 2615
2543 2619
2543 2623
2543 2624
2543 2625
2543 2629
2543 2630
2543 2631
2543 2638
2543 2642
2543 2643
2543 2646
2543 2649
2543 2654
2544 2629
2546 2551
2546 2552
2546 2553
2546 2554
2546 2560
2546 2563
2546 2564
2546 2574
2546 2575
2546 2579
2546 2586
2546 2590
2546 2591
2546 2600
2546 2601
2546 2602
2546 2607
2546 2611
2546 2613
2546 2615
2546 2619
2546 2623
2546 2624
2546 2625
2546 2630
2546 2631
2546 2638
2546 2646
2546 2654
2547 2555
2547 2597
2547 2617
2548 2558
2549 2550
2549 2551
2549 2553
2549 2556
2549 2560
2549 2561
2549 2564
2549 2573
2549 2574
2549 2578
2549 2579
2549 2586
2549 2590
2549 2591
2549 2593
2549 2601
2549 2602
2549 2604
2549 2607
2549 2611
2549 2615
2549 2619
2549 2624
2549 2625
2549 2630
2549 2654
2549 2655
2550 2551
2550 2552
2550 2553
2550 2556
2550 2559
2550 2560
2550 2561
2550 2564
2550 2573
2550 2574
2550 2575
2550 2578
2550 2586
2550 2590
2550 2593
2550 2600
2550 2601
2550 2602
2550 2604
2550 2607
2550 2611
2550 2615
2550 2619
2550 2622
2550 2623
2550 2624
2550 2625
2550 2630
2550 2654
2550 2655
2551 2552
2551 2553
2551 2554
2551 2559
2551 2560
2551 2563
2551 2564
2551 2573
2551 2575
2551 2578
2551 2586
2551 2590
2551 2593
2551 2597
2551 2600
2551 2601
2551 2602
2551 2604
2551 2606
2551 2607
2551 2611
2551 2615
2551 2619
2551 2623
2551 2630
2551 2631
2551 2638
2551 2646
2551 2654
2552 2561
2552 2563
2552 2564
2552 2574
2552 2586
2552 2590
2552 2591
2552 2593
2552 2600
2552 2601
2552 2602
2552 2604
2552 2607
2552 2611
2552 2615
2552 2619
2552 2624
2552 2630
2552 2654
2552 2655
2553 2556
2553 2559
2553 2561
2553 2564
2553 2573
2553 2575
2553 2578
2553 2579
2553 2586
2553 2590
2553 2593
2553 2600
2553 2601
2553 2602
2553 2604
2553 2607
2553 2611
2553 2615
2553 2619
2553 2624
2553 2625
2553 2630
2553 2631
2553 2638
2553 2646
2553 2655
2554 2560
2554 2564
2554 2574
2554 2578
2554 2586
2554 2590
2554 2593
2554 2600
2554 2602
2554 2607
2554 2611
2554 2615
2554 2624
2554 2630
2554 2654
2554 2655
2555 2567
2555 2582
2555 2589
2555 2592
2555 2594
2555 2597
2555 2598
2555 2599
2555 2608
2555 2609
2555 2617
2555 2629
2555 2642
2555 2643
2555 2649
2555 2653
2556 2559
2556 2561
2556 2573
2556 2574
2556 2575
2556 2578
2556 2579
2556 2586
2556 2593
2556 2601
2556 2602
2556 2604
2556 2607
2556 2611
2556 2615
2556 2619
2556 2624
2556 2625
2556 2630
2556 2631
2556 2655
2557 2603
2557 2610
2557 2637
2557 2641
2557 2642
2558 2614
2558 2618
2558 2621
2558 2632
2559 2560
2559 2561
2559 2563
2559 2564
2559 2574
2559 2575
2559 2578
2559 2579
2559 2586
2559 2590
2559 2593
2559 2600
2559 2601
2559 2602
2559 2604
2559 2607
2559 2611
2559 2615
2559 2619
2559 2623
2559 2624
2559 2625
2559 2630
2559 2638
2559 2646
2559 2654
2559 2655
2560 2561
2560 2563
2560 2564
2560 2567
2560 2573
2560 2574
2560 2578
2560 2579
2560 2586
2560 2590
2560 2593
2560 2600
2560 2601
2560 2602
2560 2604
2560 2606
2560 2607
2560 2611
2560 2613
2560 2615
2560 2619
2560 2623
2560 2624
2560 2625
2560 2630
2560 2638
2560 2646
2560 2654
2560 2655
2561 2564
2561 2573
2561 2576
2561 2579
2561 2586
2561 2590
2561 2591
2561 2593
2561 2601
2561 2602
2561 2604
2561 2607
2561 2611
2561 2615
2561 2619
2561 2624
2561 2625
2561 2630
2561 2638
2561 2654
2561 2655
2562 2618
2562 2656
2563 2564
2563 2574
2563 2586
2563 2590
2563 2600
2563 2601
2563 2602
2563 2604
2563 2607
2563 2611
2563 2615
2563 2619
2563 2623
2563 2624
2563 2630
2563 2638
2563 2654
2564 2573
2564 2575
2564 2578
2564 2579
2564 2586
2564 2590
2564 2591
2564 2593
2564 2600
2564 2601
2564 2602
2564 2604
2564 2607
2564 2611
2564 2613
2564 2615
2564 2619
2564 2623
2564 2624
2564 2625
2564 2630
2564 2631
2564 2638
2564 2646
2564 2654
2564 2655
2565 2581
2566 2610
2566 2612
2567 2582
2567 2589
2567 2592
2567 2597
2567 2598
2567 2609
2567 2616
2567 2617
2567 2629
2567 2642
2567 2643
2567 2653
2568 2603
2570 2577
2570 2587
2571 2594
2571 2597
2571 2598
2573 2576
2573 2578
2573 2579
2573 2586
2573 2590
2573 2593
2573 2600
2573 2601
2573 2602
2573 2604
2573 2607
2573 2611
2573 2615
2573 2619
2573 2624
2573 2625
2573 2630
2573 2631
2573 2638
2574 2579
2574 2590
2574 2591
2574 2593
2574 2600
2574 2602
2574 2607
2574 2615
2574 2619
2574 2624
2574 2625
2574 2630
2574 2631
2575 2579
2575 2586
2575 2590
2575 2591
2575 2593
2575 2600
2575 2601
2575 2602
2575 2604
2575 2606
2575 2607
2575 2611
2575 2615
2575 2619
2575 2625
2575 2630
2575 2646
2575 2655
2576 2578
2576 2590
2576 2600
2576 2611
2576 2630
2577 2587
2577 2628
2578 2579
2578 2586
2578 2590
2578 2593
2578 2600
2578 2601
2578 2602
2578 2604
2578 2606
2578 2607
2578 2611
2578 2615
2578 2623
2578 2624
2578 2625
2578 2630
2578 2631
2578 2638
2578 2646
2578 2654
2578 2655
2579 2590
2579 2593
2579 2601
2579 2602
2579 2604
2579 2611
2579 2615
2579 2624
2579 2625
2579 2630
2579 2631
2579 2638
2579 2655
2581 2610
2582 2588
2582 2598
2582 2616
2582 2629
2582 2643
2582 2649
2583 2620
2583 2627
2583 2636
2583 2639
2583 2640
2583 2645
2583 2647
2583 2648
2583 2657
2583 2659
2584 2611
2585 2620
2585 2626
2585 2640
2585 2645
2585 2647
2585 2648
2585 2657
2585 2658
2585 2659
2586 2590
2586 2591
2586 2593
2586 2600
2586 2601
2586 2602
2586 2604
2586 2607
2586 2611
2586 2615
2586 2619
2586 2623
2586 2624
2586 2625
2586 2630
2586 2631
2586 2638
2586 2646
2586 2654
2586 2655
2588 2598
2588 2616
2588 2629
2588 2642
2588 2649
2588 2653
2589 2594
2589 2598
2589 2608
2589 2616
2589 2617
2589 2649
2589 2653
2590 2591
2590 2593
2590 2600
2590 2601
2590 2602
2590 2604
2590 2607
2590 2611
2590 2613
2590 2615
2590 2619
2590 2623
2590 2624
2590 2625
2590 2630
2590 2631
2590 2638
2590 2646
2590 2654
2590 2655
2591 2593
2591 2600
2591 2601
2591 2602
2591 2607
2591 2615
2591 2619
2591 2624
2591 2638
2591 2655
2592 2597
2592 2598
2592 2608
2592 2609
2592 2617
2592 2629
2592 2643
2592 2652
2592 2653
2593 2600
2593 2601
2593 2602
2593 2604
2593 2607
2593 2611
2593 2615
2593 2619
2593 2624
2593 2625
2593 2630
2593 2631
2593 2638
2593 2646
2593 2654
2593 2655
2594 2598
2594 2617
2594 2649
2597 2598
2597 2608
2597 2609
2597 2629
2597 2642
2597 2643
2597 2649
2598 2608
2598 2609
2598 2616
2598 2617
2598 2629
2598 2635
2598 2642
2598 2643
2598 2649
2598 2653
2599 2629
2599 2653
2600 2601
2600 2602
2600 2604
2600 2606
2600 2607
2600 2611
2600 2615
2600 2619
2600 2623
2600 2625
2600 2630
2600 2631
2600 2638
2600 2646
2600 2655
2601 2602
2601 2604
2601 2606
2601 2607
2601 2611
2601 2615
2601 2619
2601 2624
2601 2625
2601 2630
2601 2638
2601 2646
2601 2654
2601 2655
2602 2604
2602 2606
2602 2607
2602 2611
2602 2613
2602 2615
2602 2619
2602 2623
2602 2624
2602 2625
2602 2630
2602 2631
2602 2638
2602 2646
2602 2654
2602 2655
2603 2610
2603 2617
2603 2652
2604 2606
2604 2607
2604 2611
2604 2615
2604 2619
2604 2622
2604 2623
2604 2624
2604 2625
2604 2630
2604 2638
2604 2646
2604 2654
2604 2655
2605 2643
2605 2649
2606 2607
2606 2611
2606 2615
2606 2619
2606 2624
2606 2625
2606 2638
2606 2655
2607 2611
2607 2615
2607 2619
2607 2623
2607 2624
2607 2625
2607 2630
2607 2631
2607 2638
2607 2646
2607 2654
2607 2655
2608 2617
2608 2629
2608 2649
2609 2629
2609 2653
2610 2612
2610 2616
2610 2637
2610 2641
2611 2615
2611 2619
2611 2623
2611 2624
2611 2625
2611 2630
2611 2631
2611 2638
2611 2654
2611 2655
2613 2630
2614 2618
2614 2632
2614 2656
2615 2619
2615 2623
2615 2624
2615 2625
2615 2630
2615 2631
2615 2638
2615 2646
2615 2654
2615 2655
2616 2617
2616 2629
2616 2649
2616 2653
2617 2649
2617 2652
2617 2653
2618 2628
2619 2624
2619 2625
2619 2630
2619 2631
2619 2638
2619 2654
2619 2655
2620 2626
2620 2627
2620 2633
2620 2640
2620 2645
2620 2647
2620 2648
2620 2657
2620 2658
2620 2660
2622 2650
2623 2624
2623 2625
2623 2638
2623 2646
2624 2625
2624 2630
2624 2631
2624 2638
2624 2646
2624 2654
2624 2655
2625 2630
2625 2631
2625 2638
2625 2646
2625 2654
2625 2655
2626 2633
2626 2636
2626 2648
2626 2657
2626 2659
2626 2660
2627 2633
2627 2639
2627 2640
2627 2645
2627 2647
2627 2648
2627 2657
2627 2658
2627 2660
2628 2644
2629 2642
2629 2643
2629 2649
2630 2631
2630 2638
2630 2654
2630 2655
2631 2655
2633 2636
2633 2639
2633 2645
2633 2647
2633 2657
2633 2658
2633 2659
2636 2639
2636 2645
2636 2647
2636 2657
2637 2642
2638 2646
2638 2654
2638 2655
2639 2640
2639 2645
2639 2647
2640 2645
2640 2648
2640 2657
2640 2658
2640 2660
2641 2642
2642 2643
2642 2649
2642 2653
2643 2649
2645 2647
2645 2648
2645 2657
2645 2658
2645 2659
2645 2660
2646 2654
2647 2648
2647 2657
2647 2659
2648 2657
2648 2659
2648 2660
2654 2655
2657 2658
2657 2659
2657 2660
2658 2659
2658 2660
2659 2660
2661 2674
2661 2687
2661 2708
2661 2716
2661 2719
2661 2742
2661 2765
2661 2770
2661 2778
2661 2780
2661 2785
2661 2790
2661 2793
2661 2828
2661 2833
2661 2849
2661 2853
2661 2863
2661 2869
2661 2875
2661 2876
2661 2894
2661 2901
2661 2904
2661 2914
2661 2937
2661 2939
2661 2950
2661 2970
2661 2973
2661 2989
2661 2991
2661 3007
2661 3021
2661 3035
2661 3038
2661 3049
2661 3060
2661 3070
2661 3076
2661 3082
2661 3101
2661 3102
2661 3115
2661 3116
2661 3120
2661 3132
2661 3140
2661 3146
2661 3150
2661 3152
2661 3154
2661 3169
2661 3172
2661 3179
2661 3182
2661 3185
2661 3188
2661 3198
2661 3201
2661 3206
2661 3224
2661 3239
2661 3247
2661 3252
2661 3261
2661 3265
2661 3272
2661 3274
2661 3276
2661 3277
2661 3280
2661 3291
2661 3296
2661 3297
2661 3302
2661 3316
2661 3320
2661 3321
2661 3330
2661 3332
2661 3335
2661 3344
2661 3347
