2661 3350
2661 3351
2661 3353
2661 3355
2661 3360
2661 3381
2661 3391
2661 3396
2661 3397
2661 3406
2661 3411
2661 3416
2661 3419
2661 3434
2662 2716
2662 2724
2662 2728
2662 2737
2662 2753
2662 2783
2662 2804
2662 2830
2662 2951
2662 2984
2662 3002
2662 3019
2662 3027
2662 3051
2662 3107
2662 3118
2662 3152
2662 3154
2662 3162
2662 3168
2662 3177
2662 3191
2662 3192
2662 3198
2662 3206
2662 3207
2662 3233
2662 3274
2662 3291
2662 3316
2662 3346
2662 3353
2662 3366
2662 3397
2662 3412
2662 3415
2663 2710
2663 2726
2663 2731
2663 2738
2663 2786
2663 2789
2663 2851
2663 2873
2663 2888
2663 2890
2663 2899
2663 2978
2663 3084
2663 3090
2663 3104
2663 3114
2663 3130
2663 3137
2663 3139
2663 3229
2663 3231
2663 3300
2663 3426
2663 3428
2663 3430
2664 2669
2664 2673
2664 2676
2664 2694
2664 2698
2664 2717
2664 2738
2664 2745
2664 2746
2664 2749
2664 2750
2664 2754
2664 2755
2664 2757
2664 2773
2664 2777
2664 2782
2664 2786
2664 2800
2664 2806
2664 2815
2664 2835
2664 2839
2664 2862
2664 2864
2664 2866
2664 2872
2664 2877
2664 2890
2664 2897
2664 2905
2664 2906
2664 2908
2664 2909
2664 2910
2664 2912
2664 2915
2664 2916
2664 2919
2664 2920
2664 2925
2664 2929
2664 2931
2664 2940
2664 2960
2664 2966
2664 2967
2664 2969
2664 2974
2664 2986
2664 2988
2664 3004
2664 3022
2664 3029
2664 3033
2664 3040
2664 3054
2664 3064
2664 3078
2664 3090
2664 3096
2664 3098
2664 3104
2664 3108
2664 3142
2664 3149
2664 3174
2664 3184
2664 3195
2664 3226
2664 3232
2664 3250
2664 3284
2664 3304
2664 3324
2664 3339
2664 3348
2664 3362
2664 3363
2664 3384
2664 3387
2664 3426
2665 2675
2665 2711
2665 2716
2665 2730
2665 2753
2665 2781
2665 2791
2665 2843
2665 2844
2665 2914
2665 2921
2665 2942
2665 2951
2665 2955
2665 2984
2665 2989
2665 2999
2665 3017
2665 3020
2665 3027
2665 3035
2665 3082
2665 3107
2665 3136
2665 3140
2665 3151
2665 3198
2665 3214
2665 3224
2665 3240
2665 3248
2665 3249
2665 3253
2665 3259
2665 3263
2665 3274
2665 3299
2665 3326
2665 3327
2665 3328
2665 3330
2665 3337
2665 3342
2665 3345
2665 3386
2665 3395
2665 3397
2665 3406
2665 3411
2666 2669
2666 2676
2666 2689
2666 2698
2666 2717
2666 2749
2666 2750
2666 2755
2666 2773
2666 2782
2666 2786
2666 2815
2666 2827
2666 2839
2666 2851
2666 2866
2666 2872
2666 2877
2666 2897
2666 2905
2666 2906
2666 2909
2666 2912
2666 2913
2666 2915
2666 2916
2666 2917
2666 2956
2666 2966
2666 2985
2666 2988
2666 2993
2666 3004
2666 3014
2666 3022
2666 3026
2666 3033
2666 3040
2666 3047
2666 3064
2666 3078
2666 3084
2666 3090
2666 3096
2666 3098
2666 3108
2666 3142
2666 3149
2666 3174
2666 3226
2666 3232
2666 3250
2666 3284
2666 3339
2666 3348
2666 3363
2666 3364
2666 3384
2666 3387
2666 3426
2667 2690
2667 2711
2667 2762
2667 2784
2667 2841
2667 2856
2667 2868
2667 2921
2667 3050
2667 3087
2667 3099
2667 3211
2667 3214
2667 3242
2667 3277
2667 3313
2667 3329
2667 3349
2667 3353
2668 2702
2668 2727
2668 2751
2668 2772
2668 2795
2668 2832
2668 2946
2668 2958
2668 3038
2668 3043
2668 3048
2668 3093
2668 3110
2668 3117
2668 3134
2668 3138
2668 3140
2668 3154
2668 3177
2668 3178
2668 3204
2668 3215
2668 3256
2668 3276
2668 3279
2668 3291
2668 3305
2668 3307
2668 3321
2668 3341
2668 3357
2668 3374
2668 3380
2669 2676
2669 2679
2669 2680
2669 2683
2669 2689
2669 2694
2669 2698
2669 2705
2669 2738
2669 2745
2669 2750
2669 2754
2669 2755
2669 2757
2669 2761
2669 2777
2669 2782
2669 2786
2669 2800
2669 2827
2669 2839
2669 2850
2669 2864
2669 2866
2669 2867
2669 2872
2669 2874
2669 2877
2669 2880
2669 2896
2669 2897
2669 2905
2669 2906
2669 2908
2669 2909
2669 2910
2669 2911
2669 2912
2669 2913
2669 2916
2669 2919
2669 2920
2669 2925
2669 2927
2669 2940
2669 2943
2669 2944
2669 2956
2669 2960
2669 2966
2669 2969
2669 2974
2669 2985
2669 2986
2669 2994
2669 3000
2669 3004
2669 3022
2669 3026
2669 3033
2669 3040
2669 3047
2669 3054
2669 3056
2669 3064
2669 3065
2669 3078
2669 3084
2669 3085
2669 3096
2669 3098
2669 3104
2669 3108
2669 3129
2669 3142
2669 3149
2669 3174
2669 3184
2669 3226
2669 3228
2669 3232
2669 3237
2669 3274
2669 3284
2669 3301
2669 3324
2669 3339
2669 3348
2669 3362
2669 3363
2669 3384
2669 3387
2669 3390
2669 3426
2670 2699
2670 2703
2670 2767
2670 2834
2670 2879
2670 2889
2670 2959
2670 2972
2670 2982
2670 3008
2670 3283
2670 3309
2670 3311
2670 3314
2670 3318
2670 3325
2670 3382
2670 3423
2671 2721
2671 2824
2671 2962
2671 3077
2671 3091
2672 2684
2672 2701
2672 2708
2672 2719
2672 2778
2672 2781
2672 2796
2672 2797
2672 2823
2672 2875
2672 2881
2672 2894
2672 2937
2672 3011
2672 3076
2672 3079
2672 3113
2672 3145
2672 3179
2672 3182
2672 3185
2672 3255
2672 3258
2672 3261
2672 3262
2672 3274
2672 3280
2672 3298
2672 3319
2672 3320
2672 3332
2672 3350
2672 3351
2672 3386
2672 3396
2672 3411
2673 2694
2673 2706
2673 2754
2673 2761
2673 2763
2673 2777
2673 2806
2673 2839
2673 2864
2673 2877
2673 2890
2673 2909
2673 2912
2673 2919
2673 2943
2673 2944
2673 2948
2673 3004
2673 3023
2673 3052
2673 3184
2673 3193
2673 3324
2673 3363
2673 3414
2673 3426
2673 3436
2674 2742
2674 2765
2674 2770
2674 2772
2674 2778
2674 2781
2674 2793
2674 2796
2674 2828
2674 2833
2674 2849
2674 2853
2674 2863
2674 2869
2674 2939
2674 2970
2674 2991
2674 3016
2674 3017
2674 3021
2674 3035
2674 3049
2674 3051
2674 3070
2674 3082
2674 3097
2674 3101
2674 3102
2674 3113
2674 3115
2674 3116
2674 3120
2674 3132
2674 3140
2674 3145
2674 3146
2674 3150
2674 3152
2674 3169
2674 3179
2674 3185
2674 3192
2674 3201
2674 3204
2674 3206
2674 3239
2674 3247
2674 3252
2674 3265
2674 3267
2674 3277
2674 3280
2674 3288
2674 3291
2674 3296
2674 3297
2674 3316
2674 3330
2674 3344
2674 3347
2674 3350
2674 3351
2674 3381
2674 3391
2674 3397
2674 3416
2674 3419
2674 3434
2675 2686
2675 2702
2675 2730
2675 2781
2675 2833
2675 2843
2675 2871
2675 2904
2675 2914
2675 2932
2675 2955
2675 2999
2675 3087
2675 3107
2675 3132
2675 3136
2675 3150
2675 3154
2675 3171
2675 3187
2675 3189
2675 3196
2675 3198
2675 3219
2675 3253
2675 3256
2675 3259
2675 3264
2675 3327
2675 3330
2675 3337
2675 3341
2675 3369
2675 3395
2675 3404
2675 3411
2676 2683
2676 2689
2676 2694
2676 2698
2676 2705
2676 2717
2676 2745
2676 2754
2676 2755
2676 2757
2676 2777
2676 2782
2676 2800
2676 2815
2676 2827
2676 2839
2676 2864
2676 2866
2676 2867
2676 2872
2676 2873
2676 2877
2676 2896
2676 2897
2676 2905
2676 2906
2676 2909
2676 2911
2676 2912
2676 2913
2676 2916
2676 2917
2676 2919
2676 2920
2676 2925
2676 2927
2676 2943
2676 2944
2676 2946
2676 2960
2676 2966
2676 2969
2676 2985
2676 2986
2676 2994
2676 3010
2676 3022
2676 3033
2676 3036
2676 3040
2676 3047
2676 3056
2676 3064
2676 3065
2676 3078
2676 3080
2676 3085
2676 3096
2676 3098
2676 3108
2676 3142
2676 3149
2676 3174
2676 3184
2676 3193
2676 3195
2676 3226
2676 3232
2676 3250
2676 3284
2676 3301
2676 3304
2676 3339
2676 3348
2676 3363
2676 3364
2676 3387
2676 3390
2676 3426
2677 2688
2677 2764
2677 2923
2677 2971
2677 2999
2677 3020
2677 3103
2677 3185
2677 3302
2677 3375
2677 3420
2678 2760
2678 3057
2678 3164
2678 3222
2678 3263
2679 2681
2679 2683
2679 2689
2679 2729
2679 2738
2679 2741
2679 2750
2679 2754
2679 2755
2679 2756
2679 2757
2679 2763
2679 2773
2679 2777
2679 2786
2679 2800
2679 2810
2679 2835
2679 2839
2679 2862
2679 2864
2679 2873
2679 2880
2679 2887
2679 2890
2679 2896
2679 2905
2679 2906
2679 2907
2679 2910
2679 2911
2679 2915
2679 2916
2679 2920
2679 2924
2679 2927
2679 2928
2679 2929
2679 2931
2679 2940
2679 2944
2679 2946
2679 2953
2679 2956
2679 2960
2679 2966
2679 2969
2679 2977
2679 2985
2679 2986
2679 2987
2679 2988
2679 2993
2679 2994
2679 3000
2679 3004
2679 3014
2679 3025
2679 3026
2679 3029
2679 3046
2679 3054
2679 3056
2679 3073
2679 3078
2679 3084
2679 3090
2679 3104
2679 3108
2679 3119
2679 3135
2679 3142
2679 3158
2679 3174
2679 3184
2679 3195
2679 3220
2679 3238
2679 3243
2679 3257
2679 3293
2679 3324
2679 3339
2679 3362
2679 3363
2679 3364
2679 3384
2679 3417
2679 3426
2679 3433
2679 3435
2680 2689
2680 2694
2680 2705
2680 2706
2680 2743
2680 2749
2680 2750
2680 2755
2680 2757
2680 2763
2680 2800
2680 2815
2680 2835
2680 2839
2680 2877
2680 2891
2680 2905
2680 2911
2680 2916
2680 2917
2680 2925
2680 2927
2680 2943
2680 2944
2680 2960
2680 2966
2680 2974
2680 2986
2680 3022
2680 3029
2680 3033
2680 3054
2680 3056
2680 3064
2680 3078
2680 3085
2680 3096
2680 3129
2680 3149
2680 3174
2680 3193
2680 3195
2680 3228
2680 3232
2680 3284
2680 3304
2680 3339
2680 3348
2680 3363
2680 3387
2680 3426
2681 2683
2681 2689
2681 2738
2681 2741
2681 2743
2681 2754
2681 2756
2681 2757
2681 2763
2681 2773
2681 2782
2681 2786
2681 2800
2681 2835
2681 2839
2681 2862
2681 2864
2681 2916
2681 2924
2681 2925
2681 2929
2681 2931
2681 2944
2681 2945
2681 2956
2681 2969
2681 2994
2681 3014
2681 3029
2681 3054
2681 3056
2681 3085
2681 3090
2681 3129
2681 3184
2681 3228
2681 3257
2681 3293
2681 3301
2681 3324
2681 3363
2681 3387
2681 3433
2682 2692
2682 2724
2682 2737
2682 2775
2682 2900
2682 3001
2682 3018
2682 3019
2682 3068
2682 3100
2682 3168
2682 3233
2682 3295
2682 3334
2682 3366
2683 2689
2683 2729
2683 2731
2683 2738
2683 2741
2683 2743
2683 2754
2683 2756
2683 2761
2683 2773
2683 2786
2683 2794
2683 2807
2683 2809
2683 2810
2683 2837
2683 2839
2683 2854
2683 2862
2683 2867
2683 2873
2683 2874
2683 2887
2683 2890
2683 2906
2683 2915
2683 2927
2683 2931
2683 2943
2683 2944
2683 2945
2683 2953
2683 2956
2683 2966
2683 2977
2683 2993
2683 2994
2683 3000
2683 3010
2683 3025
2683 3026
2683 3029
2683 3036
2683 3080
2683 3084
2683 3090
2683 3096
2683 3104
2683 3119
2683 3123
2683 3129
2683 3137
2683 3158
2683 3220
2683 3232
2683 3237
2683 3238
2683 3257
2683 3286
2683 3293
2683 3301
2683 3324
2683 3362
2683 3363
2683 3364
2683 3387
2683 3390
2683 3394
2683 3400
2683 3417
2683 3426
2683 3433
2683 3435
2684 2701
2684 2708
2684 2737
2684 2775
2684 2797
2684 2823
2684 2875
2684 2894
2684 2937
2684 2976
2684 3011
2684 3051
2684 3060
2684 3076
2684 3079
2684 3152
2684 3172
2684 3179
2684 3182
2684 3258
2684 3262
2684 3320
2684 3332
2684 3350
2684 3396
2684 3434
2685 2724
2685 2865
2685 2957
2685 3011
2685 3061
2685 3081
2685 3136
2685 3263
2685 3279
2685 3345
2685 3405
2686 2702
2686 2871
2686 2932
2686 2950
2686 3002
2686 3034
2686 3075
2686 3107
2686 3111
2686 3115
2686 3136
2686 3189
2686 3196
2686 3198
2686 3217
2686 3219
2686 3256
2686 3259
2686 3264
2686 3337
2686 3395
2686 3404
2687 2716
2687 2742
2687 2748
2687 2780
2687 2785
2687 2846
2687 2914
2687 3013
2687 3038
2687 3046
2687 3089
2687 3194
2687 3209
2687 3212
2687 3320
2687 3321
2687 3345
2687 3360
2687 3397
2688 2693
2688 2725
2688 2764
2688 2903
2688 3086
2688 3146
2688 3205
2688 3302
2688 3328
2689 2694
2689 2705
2689 2706
2689 2717
2689 2729
2689 2743
2689 2750
2689 2754
2689 2757
2689 2763
2689 2777
2689 2782
2689 2800
2689 2810
2689 2815
2689 2827
2689 2835
2689 2839
2689 2867
2689 2896
2689 2907
2689 2910
2689 2916
2689 2917
2689 2920
2689 2925
2689 2927
2689 2943
2689 2944
2689 2945
2689 2966
2689 2969
2689 2974
2689 2986
2689 3000
2689 3022
2689 3056
2689 3064
2689 3065
2689 3073
2689 3078
2689 3085
2689 3096
2689 3108
2689 3117
2689 3135
2689 3142
2689 3158
2689 3220
2689 3232
2689 3284
2689 3301
2689 3324
2689 3348
2689 3363
2689 3387
2689 3417
2689 3426
2689 3433
2690 2723
2690 2730
2690 2735
2690 2759
2690 2762
2690 2784
2690 2787
2690 2803
2690 2836
2690 2844
2690 2856
2690 2871
2690 2881
2690 2882
2690 2921
2690 2996
2690 3018
2690 3020
2690 3099
2690 3100
2690 3196
2690 3242
2690 3275
2690 3342
2690 3349
2690 3353
2690 3365
2690 3383
2690 3395
2691 2792
2691 3037
2692 2951
2692 3162
2692 3233
2693 2764
2693 2802
2693 2822
2693 2903
2693 2949
2693 2999
2693 3069
2693 3156
2693 3278
2693 3302
2693 3310
2693 3319
2693 3361
2693 3397
2694 2706
2694 2717
2694 2738
2694 2749
2694 2750
2694 2754
2694 2755
2694 2757
2694 2763
2694 2773
2694 2777
2694 2782
2694 2786
2694 2787
2694 2800
2694 2806
2694 2815
2694 2827
2694 2835
2694 2839
2694 2862
2694 2863
2694 2864
2694 2872
2694 2877
2694 2880
2694 2896
2694 2897
2694 2905
2694 2908
2694 2910
2694 2912
2694 2913
2694 2915
2694 2916
2694 2919
2694 2920
2694 2925
2694 2927
2694 2928
2694 2940
2694 2943
2694 2944
2694 2946
2694 2948
2694 2956
2694 2960
2694 2966
2694 2974
2694 2986
2694 2988
2694 3000
2694 3004
2694 3022
2694 3023
2694 3033
2694 3056
2694 3064
2694 3065
2694 3078
2694 3085
2694 3090
2694 3096
2694 3104
2694 3108
2694 3142
2694 3149
2694 3174
2694 3195
2694 3202
2694 3226
2694 3232
2694 3250
2694 3284
2694 3301
2694 3304
2694 3324
2694 3339
2694 3348
2694 3363
2694 3364
2694 3384
2694 3387
2694 3388
2694 3417
2694 3426
2695 2706
2695 2806
2695 2839
2695 2867
2695 2920
2695 2943
2695 2967
2695 3023
2695 3213
2695 3303
2696 2697
2696 2735
2696 2751
2696 2784
2696 2820
2696 2870
2696 2934
2696 3001
2696 3107
2696 3140
2696 3186
2696 3244
2696 3246
2696 3248
2696 3274
2696 3275
2696 3295
2696 3360
2697 2820
2697 2870
2697 2934
2697 2962
2697 2992
2697 3001
2697 3186
2697 3244
2697 3246
2697 3275
2697 3288
2697 3292
2697 3295
2697 3373
2698 2729
2698 2749
2698 2750
2698 2754
2698 2757
2698 2782
2698 2786
2698 2800
2698 2815
2698 2827
2698 2839
2698 2866
2698 2867
2698 2872
2698 2873
2698 2877
2698 2890
2698 2905
2698 2906
2698 2909
2698 2910
2698 2911
2698 2912
2698 2913
2698 2915
2698 2927
2698 2940
2698 2946
2698 2956
2698 2960
2698 2966
2698 2969
2698 2974
2698 2985
2698 2986
2698 2988
2698 3022
2698 3026
2698 3033
2698 3047
2698 3052
2698 3064
2698 3078
2698 3090
2698 3096
2698 3098
2698 3104
2698 3117
2698 3119
2698 3142
2698 3149
2698 3195
2698 3226
2698 3232
2698 3234
2698 3284
2698 3324
2698 3339
2698 3348
2698 3387
2698 3400
2698 3417
2698 3426
2698 3430
2699 2703
2699 2959
2699 2972
2699 2982
2699 3008
2699 3283
2699 3309
2699 3311
2699 3318
2699 3325
2699 3382
2700 2709
2700 2784
2700 2791
2700 2811
2700 2812
2700 2818
2700 2848
2700 2957
2700 3067
2700 3248
2700 3253
2700 3328
2700 3373
2700 3431
2701 2708
2701 2719
2701 2797
2701 2823
2701 2875
2701 2894
2701 2937
2701 2976
2701 3011
2701 3076
2701 3079
2701 3179
2701 3182
2701 3258
2701 3261
2701 3262
2701 3280
2701 3287
2701 3298
2701 3320
2701 3332
2701 3350
2701 3396
2702 2739
2702 2748
2702 2859
2702 2871
2702 2954
2702 3027
2702 3034
2702 3107
2702 3136
2702 3189
2702 3198
2702 3211
2702 3219
2702 3236
2702 3275
2702 3323
2702 3330
2702 3337
2702 3341
2702 3395
2703 2834
2703 2879
2703 2889
2703 2959
2703 2972
2703 2982
2703 3008
2703 3283
2703 3309
2703 3311
2703 3314
2703 3318
2703 3325
2703 3382
2703 3423
2705 2754
2705 2815
2705 2839
2705 2867
2705 2874
2705 2896
2705 2916
2705 2924
2705 2925
2705 2943
2705 2969
2705 3033
2705 3054
2705 3056
2705 3085
2705 3129
2705 3193
2705 3301
2705 3304
2705 3363
2705 3387
2705 3426
2706 2743
2706 2749
2706 2750
2706 2754
2706 2761
2706 2763
2706 2777
2706 2782
2706 2786
2706 2800
2706 2806
2706 2810
2706 2827
2706 2839
2706 2864
2706 2867
2706 2877
2706 2880
2706 2891
2706 2896
2706 2905
2706 2910
2706 2911
2706 2920
2706 2927
2706 2928
2706 2931
2706 2940
2706 2943
2706 2944
2706 2945
2706 2946
2706 2948
2706 2960
2706 2966
2706 2967
2706 2969
2706 2974
2706 2986
2706 3000
2706 3004
2706 3023
2706 3052
2706 3056
2706 3096
2706 3184
2706 3193
2706 3213
2706 3220
2706 3234
2706 3237
2706 3286
2706 3293
2706 3294
2706 3303
2706 3324
2706 3362
2706 3363
2706 3414
2706 3417
2706 3426
2707 2719
2707 2778
2707 2781
2707 2938
2707 2957
2707 2964
2707 3019
2707 3062
2707 3133
2707 3145
2707 3182
2707 3320
2707 3331
2708 2719
2708 2796
2708 2797
2708 2823
2708 2828
2708 2845
2708 2869
2708 2875
2708 2894
2708 2937
2708 2995
2708 3011
2708 3051
2708 3076
2708 3079
2708 3115
2708 3145
2708 3172
2708 3179
2708 3182
2708 3258
2708 3262
2708 3298
2708 3320
2708 3332
2708 3350
2708 3396
2708 3397
2708 3434
2709 2735
2709 2772
2709 2780
2709 2795
2709 2812
2709 3015
2709 3138
2709 3178
2709 3211
2709 3307
2710 2749
2710 2769
2710 2807
2710 2809
2710 2851
2710 2978
2710 3090
2710 3095
2710 3130
2710 3300
2710 3426
2711 2714
2711 2723
2711 2724
2711 2748
2711 2758
2711 2779
2711 2825
2711 2829
2711 2881
2711 2921
2711 2923
2711 2942
2711 2951
2711 2989
2711 3009
2711 3019
2711 3062
2711 3077
2711 3118
2711 3162
2711 3177
2711 3198
2711 3207
2711 3233
2711 3285
2711 3296
2711 3366
2711 3412
2712 2716
2712 2742
2712 2748
2712 2778
2712 2780
2712 2785
2712 2796
2712 2833
2712 2849
2712 2853
2712 2859
2712 2950
2712 2989
2712 2991
2712 3035
2712 3038
2712 3070
2712 3101
2712 3120
2712 3132
2712 3150
2712 3188
2712 3198
2712 3201
2712 3224
2712 3240
2712 3252
2712 3277
2712 3280
2712 3288
2712 3291
2712 3296
2712 3299
2712 3321
2712 3335
2712 3345
2712 3347
2712 3350
2712 3351
2712 3357
2712 3411
2712 3415
2712 3434
2713 2728
2713 2729
2713 2951
2713 2990
2713 3007
2713 3038
2713 3077
2713 3082
2713 3086
2713 3103
2713 3106
2713 3120
2713 3154
2713 3176
2713 3207
2713 3223
2713 3224
2713 3240
2713 3241
2713 3252
2713 3285
2713 3291
2713 3321
2713 3344
2713 3371
2713 3391
2713 3406
2713 3410
2713 3412
2713 3420
2714 2979
2715 2723
2715 2747
2715 2787
2715 2831
2715 2832
2715 2844
2715 2859
2715 2863
2715 2865
2715 2868
2715 2881
2715 2901
2715 2936
2715 3027
2715 3050
2715 3087
2715 3146
2715 3171
2715 3187
2715 3208
2715 3214
2715 3256
2715 3259
2715 3264
2715 3276
2715 3291
2715 3312
2715 3330
2715 3347
2715 3365
2715 3393
2716 2719
2716 2720
2716 2730
2716 2742
2716 2748
2716 2753
2716 2780
2716 2783
2716 2785
2716 2793
2716 2796
2716 2797
2716 2828
2716 2830
2716 2844
2716 2845
2716 2846
2716 2853
2716 2859
2716 2863
2716 2868
2716 2901
2716 2904
2716 2914
2716 2936
2716 2939
2716 2951
2716 2973
2716 2984
2716 2989
2716 2990
2716 2992
2716 3002
2716 3007
2716 3013
2716 3015
2716 3017
2716 3027
2716 3034
2716 3038
2716 3041
2716 3046
2716 3051
2716 3058
2716 3060
2716 3070
2716 3077
2716 3082
2716 3089
2716 3097
2716 3101
2716 3106
2716 3107
2716 3109
2716 3110
2716 3140
2716 3150
2716 3154
2716 3188
2716 3191
2716 3198
2716 3206
2716 3209
2716 3212
2716 3240
2716 3260
2716 3263
2716 3267
2716 3274
2716 3276
2716 3280
2716 3287
2716 3288
2716 3291
2716 3299
2716 3313
2716 3320
2716 3321
2716 3345
2716 3347
2716 3350
2716 3352
2716 3353
2716 3360
2716 3385
2716 3397
2716 3403
2716 3406
2716 3434
2717 2754
2717 2755
2717 2757
2717 2777
2717 2782
2717 2815
2717 2827
2717 2839
2717 2864
2717 2866
2717 2867
2717 2872
2717 2877
2717 2897
2717 2905
2717 2910
2717 2911
2717 2912
2717 2913
2717 2916
2717 2920
2717 2925
2717 2940
2717 2956
2717 2966
2717 2985
2717 2986
2717 3022
2717 3033
2717 3047
2717 3056
2717 3064
2717 3065
2717 3078
2717 3085
2717 3096
2717 3098
2717 3108
2717 3142
2717 3174
2717 3195
2717 3226
2717 3250
2717 3339
2717 3348
2717 3363
2717 3387
2717 3426
2718 2758
2718 2832
2718 2843
2718 2883
2718 2901
2718 2932
2718 2955
2718 3032
2718 3043
2718 3076
2718 3081
2718 3087
2718 3107
2718 3115
2718 3136
2718 3167
2718 3173
2718 3187
2718 3196
2718 3198
2718 3236
2718 3253
2718 3255
2718 3256
2718 3263
2718 3264
2718 3296
2718 3330
2718 3331
2718 3335
2718 3350
2718 3369
2718 3385
2718 3396
2718 3402
2718 3418
2719 2720
2719 2742
2719 2753
2719 2778
2719 2785
2719 2793
2719 2796
2719 2797
2719 2823
2719 2828
2719 2833
2719 2840
2719 2853
2719 2863
2719 2869
2719 2875
2719 2881
2719 2894
2719 2936
2719 2937
2719 2939
2719 2973
2719 2976
2719 2991
2719 2992
2719 3005
2719 3017
2719 3035
2719 3039
2719 3051
2719 3060
2719 3076
2719 3079
2719 3082
2719 3100
2719 3101
2719 3102
2719 3106
2719 3111
2719 3113
2719 3115
2719 3116
2719 3120
2719 3132
2719 3145
2719 3150
2719 3169
2719 3170
2719 3172
2719 3179
2719 3182
2719 3185
2719 3201
2719 3204
2719 3206
2719 3225
2719 3239
2719 3240
2719 3252
2719 3258
2719 3261
2719 3262
2719 3267
2719 3274
2719 3277
2719 3280
2719 3281
2719 3287
2719 3288
2719 3291
2719 3297
2719 3298
2719 3320
2719 3330
2719 3332
2719 3344
2719 3345
2719 3347
2719 3350
2719 3351
2719 3353
2719 3355
2719 3367
2719 3377
2719 3378
2719 3381
2719 3386
2719 3391
2719 3396
2719 3397
2719 3406
2719 3422
2719 3434
2720 2753
2720 2783
2720 2793
2720 2859
2720 2868
2720 2932
2720 2936
2720 2937
2720 2973
2720 2984
2720 2989
2720 3002
2720 3009
2720 3017
2720 3038
2720 3051
2720 3060
2720 3070
2720 3076
2720 3082
2720 3087
2720 3089
2720 3106
2720 3140
2720 3154
2720 3160
2720 3182
2720 3191
2720 3198
2720 3201
2720 3215
2720 3224
2720 3239
2720 3240
2720 3263
2720 3291
2720 3320
2720 3321
2720 3342
2720 3344
2720 3345
2720 3353
2720 3355
2720 3386
2720 3397
2720 3406
2721 2824
2721 2962
2721 3077
2721 3091
2722 2863
2722 3265
2723 2787
2723 2836
2723 2901
2723 3009
2723 3027
2723 3215
2723 3291
2723 3383
2724 2728
2724 2730
2724 2737
2724 2739
2724 2758
2724 2775
2724 2779
2724 2829
2724 2830
2724 2845
2724 2865
2724 2892
2724 2921
2724 2934
2724 2947
2724 2951
2724 2957
2724 3001
2724 3002
2724 3011
2724 3018
2724 3019
2724 3051
2724 3061
2724 3062
2724 3068
2724 3069
2724 3077
2724 3081
2724 3086
2724 3100
2724 3118
2724 3133
2724 3154
2724 3162
2724 3168
2724 3176
2724 3177
2724 3186
2724 3191
2724 3203
2724 3207
2724 3210
2724 3221
2724 3223
2724 3233
2724 3253
2724 3263
2724 3266
2724 3273
2724 3285
2724 3295
2724 3308
2724 3332
2724 3334
2724 3346
2724 3356
2724 3359
2724 3366
2724 3370
2724 3379
2724 3405
2724 3412
2724 3415
2725 2818
2725 2903
2725 2923
2725 3302
2726 2738
2726 2837
2726 2851
2726 2890
2726 2899
2726 2978
2726 3045
2726 3090
2726 3104
2726 3114
2726 3137
2726 3139
2726 3229
2726 3231
2726 3392
2727 2780
2727 2795
2727 2840
2727 3024
2727 3048
2727 3100
2727 3138
2727 3140
2727 3178
2727 3205
2727 3374
2728 2730
2728 2829
2728 2830
2728 2951
2728 2990
2728 3002
2728 3007
2728 3018
2728 3019
2728 3077
2728 3086
2728 3103
2728 3154
2728 3162
2728 3168
2728 3171
2728 3176
2728 3207
2728 3233
2728 3241
2728 3273
2728 3279
2728 3285
2728 3295
2728 3319
2728 3346
2728 3356
2728 3359
2728 3366
2728 3371
2728 3379
2728 3410
2728 3412
2728 3420
2729 2731
2729 2738
2729 2743
2729 2755
2729 2766
2729 2773
2729 2786
2729 2794
2729 2810
2729 2821
2729 2862
2729 2873
2729 2874
2729 2877
2729 2887
2729 2890
2729 2907
2729 2915
2729 2928
2729 2929
2729 2944
2729 2956
2729 2977
2729 2981
2729 2988
2729 2993
2729 2994
2729 3000
2729 3010
2729 3025
2729 3026
2729 3036
2729 3073
2729 3080
2729 3084
2729 3089
2729 3090
2729 3104
2729 3114
2729 3119
2729 3123
2729 3135
2729 3137
2729 3158
2729 3166
2729 3257
2729 3279
2729 3293
2729 3362
2729 3363
2729 3364
2729 3384
2729 3394
2729 3400
2729 3417
2729 3433
2729 3435
2730 2737
2730 2739
2730 2758
2730 2768
2730 2781
2730 2783
2730 2801
2730 2812
2730 2816
2730 2819
2730 2843
2730 2844
2730 2863
2730 2865
2730 2871
2730 2918
2730 2932
2730 2938
2730 2941
2730 2947
2730 2951
2730 2955
2730 2958
2730 2996
2730 2999
2730 3002
2730 3016
2730 3018
2730 3019
2730 3032
2730 3043
2730 3062
2730 3077
2730 3082
2730 3086
2730 3087
2730 3097
2730 3100
2730 3110
2730 3118
2730 3136
2730 3138
2730 3154
2730 3162
2730 3167
2730 3168
2730 3177
2730 3187
2730 3189
2730 3191
2730 3196
2730 3207
2730 3210
2730 3211
2730 3214
2730 3215
2730 3219
2730 3221
2730 3233
2730 3244
2730 3253
2730 3255
2730 3256
2730 3264
2730 3289
2730 3295
2730 3302
2730 3307
2730 3312
2730 3327
2730 3341
2730 3342
2730 3346
2730 3359
2730 3365
2730 3366
2730 3369
2730 3385
2730 3395
2730 3403
2730 3412
2730 3420
2731 2738
2731 2786
2731 2821
2731 2873
2731 2874
2731 2890
2731 2956
2731 2981
2731 2987
2731 2988
2731 2993
2731 3025
2731 3026
2731 3036
2731 3084
2731 3090
2731 3114
2731 3123
2731 3137
2731 3158
2731 3166
2731 3231
2731 3257
2731 3387
2731 3400
2732 2902
2732 2930
2732 3131
2732 3180
2732 3181
2732 3251
2732 3372
2733 2797
2733 2812
2733 2894
2733 2936
2733 2937
2733 2958
2733 3011
2733 3060
2733 3076
2733 3079
2733 3152
2733 3172
2733 3179
2733 3182
2733 3185
2733 3258
2733 3262
2733 3272
2733 3298
2733 3320
2733 3350
2733 3396
2733 3434
2734 2752
2734 2760
2734 2787
2734 2790
2734 2808
2734 2818
2734 2836
2734 2840
2734 2848
2734 2923
2734 3005
2734 3027
2734 3057
2734 3077
2734 3121
2734 3157
2734 3165
2734 3186
2734 3254
2734 3287
2734 3319
2734 3340
2734 3343
2734 3347
2735 2819
2735 2844
2735 2914
2735 2932
2735 2951
2735 2976
2735 2996
2735 3075
2735 3140
2735 3173
2735 3244
2735 3259
2735 3307
2735 3385
2735 3418
2736 2771
2736 2836
2736 3248
2736 3327
2737 2775
2737 2796
2737 2845
2737 2869
2737 2892
2737 2937
2737 2991
2737 3019
2737 3051
2737 3154
2737 3160
2737 3204
2737 3233
2737 3273
2737 3298
2738 2741
2738 2743
2738 2754
2738 2756
2738 2757
2738 2773
2738 2786
2738 2798
2738 2809
2738 2835
2738 2839
2738 2862
2738 2864
2738 2873
2738 2874
2738 2877
2738 2887
2738 2888
2738 2890
2738 2896
2738 2911
2738 2915
2738 2924
2738 2925
2738 2928
2738 2929
2738 2931
2738 2944
2738 2945
2738 2953
2738 2956
2738 2960
2738 2969
2738 2974
2738 2977
2738 2978
2738 2988
2738 2994
2738 3000
2738 3004
2738 3014
2738 3025
2738 3026
2738 3029
2738 3036
2738 3084
2738 3090
2738 3092
2738 3098
2738 3104
2738 3114
2738 3119
2738 3123
2738 3137
2738 3168
2738 3220
2738 3229
2738 3231
2738 3232
2738 3238
2738 3243
2738 3257
2738 3293
2738 3294
2738 3362
2738 3363
2738 3364
2738 3384
2738 3400
2738 3417
2738 3426
2738 3433
2739 2829
2739 2830
2739 2871
2739 2951
2739 2954
2739 3002
2739 3019
2739 3050
2739 3062
2739 3068
2739 3069
2739 3118
2739 3140
2739 3162
2739 3168
2739 3191
2739 3233
2739 3240
2739 3273
2739 3292
2739 3326
2739 3346
2739 3366
2739 3379
2739 3410
2739 3415
2739 3420
2741 2743
2741 2754
2741 2766
2741 2777
2741 2786
2741 2806
2741 2839
2741 2862
2741 2867
2741 2873
2741 2874
2741 2890
2741 2896
2741 2910
2741 2915
2741 2916
2741 2924
2741 2927
2741 2928
2741 2929
2741 2931
2741 2945
2741 2953
2741 2956
2741 2969
2741 2977
2741 2986
2741 2988
2741 2993
2741 2994
2741 3000
2741 3026
2741 3054
2741 3056
2741 3078
2741 3084
2741 3085
2741 3098
2741 3174
2741 3184
2741 3193
2741 3220
2741 3228
2741 3234
2741 3238
2741 3243
2741 3257
2741 3293
2741 3315
2741 3399
2741 3417
2741 3433
2742 2748
2742 2753
2742 2765
2742 2770
2742 2778
2742 2780
2742 2781
2742 2785
2742 2793
2742 2796
2742 2828
2742 2846
2742 2849
2742 2863
2742 2869
2742 2875
2742 2894
2742 2901
2742 2904
2742 2937
2742 2939
2742 2970
2742 2973
2742 2989
2742 2991
2742 2992
2742 3007
2742 3013
2742 3017
2742 3021
2742 3027
2742 3035
2742 3038
2742 3041
2742 3046
2742 3049
2742 3051
2742 3058
2742 3060
2742 3070
2742 3076
2742 3079
2742 3082
2742 3089
2742 3101
2742 3102
2742 3106
2742 3115
2742 3116
2742 3120
2742 3132
2742 3140
2742 3146
2742 3148
2742 3150
2742 3152
2742 3160
2742 3169
2742 3172
2742 3179
2742 3182
2742 3185
2742 3188
2742 3194
2742 3198
2742 3199
2742 3201
2742 3206
2742 3209
2742 3212
2742 3224
2742 3239
2742 3240
2742 3247
2742 3252
2742 3258
2742 3260
2742 3265
2742 3267
2742 3277
2742 3280
2742 3288
2742 3291
2742 3297
2742 3298
2742 3299
2742 3316
2742 3319
2742 3320
2742 3321
2742 3330
2742 3332
2742 3335
2742 3344
2742 3345
2742 3347
2742 3350
2742 3351
2742 3352
2742 3355
2742 3360
2742 3378
2742 3391
2742 3396
2742 3397
2742 3406
2742 3411
2742 3416
2742 3419
2743 2754
2743 2756
2743 2777
2743 2782
2743 2794
2743 2810
2743 2839
2743 2867
2743 2874
2743 2880
2743 2887
2743 2896
2743 2907
2743 2924
2743 2931
2743 2943
2743 2945
2743 2974
2743 2986
2743 2988
2743 2994
2743 3000
2743 3023
2743 3029
2743 3036
2743 3054
2743 3056
2743 3073
2743 3085
2743 3114
2743 3119
2743 3135
2743 3158
2743 3220
2743 3243
2743 3293
2743 3301
2743 3363
2743 3400
2743 3417
2743 3433
2743 3435
2744 2762
2744 2772
2744 2825
2744 2843
2744 2865
2744 3156
2744 3255
2744 3256
2744 3365
2744 3369
2744 3385
2745 2786
2745 2789
2745 2839
2745 2864
2745 2866
2745 2872
2745 2906
2745 2909
2745 2929
2745 2960
2745 2966
2745 2994
2745 3004
2745 3010
2745 3022
2745 3033
2745 3078
2745 3080
2745 3139
2745 3143
2745 3153
2745 3174
2745 3237
2745 3284
2745 3324
2745 3387
2745 3392
2745 3394
2745 3430
2746 2754
2746 2839
2746 2864
2746 2866
2746 2910
2746 2920
2746 2925
2746 2931
2746 2986
2746 3054
2746 3056
2746 3304
2746 3363
2747 2787
2747 2831
2747 2832
2747 2863
2747 2865
2747 2901
2747 3050
2747 3173
2747 3302
2747 3312
2747 3365
2748 2751
2748 2753
2748 2765
2748 2772
2748 2780
2748 2785
2748 2793
2748 2818
2748 2846
2748 2853
2748 2869
2748 2901
2748 2936
2748 2946
2748 2950
2748 2973
2748 2976
2748 2989
2748 2991
2748 3013
2748 3038
2748 3041
2748 3046
2748 3049
2748 3051
2748 3058
2748 3060
2748 3070
2748 3076
2748 3082
2748 3089
2748 3101
2748 3106
2748 3107
2748 3116
2748 3117
2748 3124
2748 3140
2748 3154
2748 3160
2748 3175
2748 3188
2748 3194
2748 3198
2748 3215
2748 3224
2748 3240
2748 3247
2748 3252
2748 3274
2748 3291
2748 3299
2748 3302
2748 3313
2748 3320
2748 3321
2748 3335
2748 3342
2748 3344
2748 3345
2748 3350
2748 3355
2748 3360
2748 3378
2748 3386
2748 3397
2748 3406
2748 3411
2749 2750
2749 2754
2749 2777
2749 2786
2749 2810
2749 2839
2749 2864
2749 2873
2749 2896
2749 2905
2749 2908
2749 2909
2749 2911
2749 2919
2749 2920
2749 2927
2749 2940
2749 2943
2749 2944
2749 2956
2749 2960
2749 2969
2749 2974
2749 2986
2749 2994
2749 3022
2749 3026
2749 3047
2749 3056
2749 3073
2749 3078
2749 3085
2749 3096
2749 3108
2749 3129
2749 3142
2749 3149
2749 3220
2749 3257
2749 3339
2749 3348
2749 3363
2749 3364
2749 3417
2749 3426
2750 2754
2750 2755
2750 2763
2750 2782
2750 2786
2750 2800
2750 2810
2750 2827
2750 2839
2750 2864
2750 2866
2750 2867
2750 2872
2750 2873
2750 2877
2750 2880
2750 2890
2750 2897
2750 2905
2750 2906
2750 2908
2750 2909
2750 2910
2750 2911
2750 2912
2750 2913
2750 2915
2750 2916
2750 2920
2750 2927
2750 2928
2750 2940
2750 2943
2750 2944
2750 2945
2750 2956
2750 2960
2750 2966
2750 2969
2750 2974
2750 2985
2750 2986
2750 2988
2750 3022
2750 3023
2750 3026
2750 3033
2750 3040
2750 3047
2750 3052
2750 3056
2750 3064
2750 3073
2750 3078
2750 3090
2750 3096
2750 3098
2750 3104
2750 3108
2750 3119
2750 3137
2750 3142
2750 3149
2750 3202
2750 3226
2750 3232
2750 3234
2750 3284
2750 3324
2750 3339
2750 3348
2750 3363
2750 3387
2750 3426
2751 2772
2751 2841
2751 2868
2751 2878
2751 2901
2751 2913
2751 2946
2751 3017
2751 3035
2751 3038
2751 3043
2751 3093
2751 3113
2751 3115
2751 3117
2751 3124
2751 3140
2751 3150
2751 3177
2751 3198
2751 3204
2751 3215
2751 3224
