2751 3291
2751 3302
2751 3321
2751 3335
2751 3342
2751 3353
2751 3357
2751 3380
2752 2781
2752 2812
2752 2818
2752 2962
2753 2793
2753 2869
2753 2901
2753 2936
2753 2937
2753 2965
2753 2973
2753 2976
2753 2989
2753 2992
2753 3019
2753 3038
2753 3051
2753 3060
2753 3070
2753 3075
2753 3079
2753 3082
2753 3101
2753 3106
2753 3116
2753 3120
2753 3132
2753 3140
2753 3145
2753 3150
2753 3154
2753 3160
2753 3198
2753 3240
2753 3261
2753 3267
2753 3280
2753 3291
2753 3320
2753 3321
2753 3344
2753 3350
2753 3355
2753 3378
2753 3386
2753 3397
2753 3406
2753 3434
2754 2755
2754 2756
2754 2757
2754 2761
2754 2763
2754 2769
2754 2777
2754 2782
2754 2786
2754 2800
2754 2806
2754 2810
2754 2812
2754 2835
2754 2839
2754 2850
2754 2852
2754 2854
2754 2862
2754 2863
2754 2864
2754 2866
2754 2867
2754 2872
2754 2874
2754 2877
2754 2880
2754 2890
2754 2896
2754 2897
2754 2906
2754 2908
2754 2909
2754 2910
2754 2911
2754 2912
2754 2915
2754 2916
2754 2919
2754 2920
2754 2927
2754 2928
2754 2940
2754 2943
2754 2944
2754 2945
2754 2956
2754 2960
2754 2966
2754 2969
2754 2974
2754 2986
2754 2988
2754 3000
2754 3004
2754 3022
2754 3023
2754 3025
2754 3026
2754 3029
2754 3033
2754 3036
2754 3052
2754 3054
2754 3056
2754 3064
2754 3065
2754 3078
2754 3085
2754 3090
2754 3096
2754 3104
2754 3105
2754 3108
2754 3129
2754 3137
2754 3142
2754 3166
2754 3174
2754 3184
2754 3195
2754 3202
2754 3220
2754 3226
2754 3228
2754 3232
2754 3234
2754 3243
2754 3250
2754 3257
2754 3284
2754 3293
2754 3324
2754 3339
2754 3348
2754 3362
2754 3363
2754 3399
2754 3400
2754 3417
2754 3426
2754 3433
2755 2757
2755 2777
2755 2782
2755 2800
2755 2815
2755 2827
2755 2839
2755 2866
2755 2872
2755 2877
2755 2880
2755 2890
2755 2897
2755 2905
2755 2906
2755 2909
2755 2910
2755 2911
2755 2912
2755 2913
2755 2916
2755 2920
2755 2925
2755 2927
2755 2928
2755 2929
2755 2940
2755 2943
2755 2944
2755 2956
2755 2960
2755 2966
2755 2985
2755 2986
2755 2987
2755 2993
2755 2994
2755 3014
2755 3022
2755 3026
2755 3033
2755 3040
2755 3047
2755 3054
2755 3056
2755 3064
2755 3065
2755 3078
2755 3084
2755 3090
2755 3096
2755 3098
2755 3108
2755 3117
2755 3119
2755 3149
2755 3158
2755 3163
2755 3166
2755 3174
2755 3195
2755 3226
2755 3228
2755 3232
2755 3238
2755 3250
2755 3284
2755 3301
2755 3324
2755 3339
2755 3348
2755 3363
2755 3387
2755 3399
2755 3417
2755 3433
2755 3435
2756 2773
2756 2786
2756 2839
2756 2862
2756 2873
2756 2887
2756 2888
2756 2915
2756 2924
2756 2928
2756 2929
2756 2931
2756 2945
2756 2956
2756 2977
2756 2981
2756 2993
2756 2994
2756 3000
2756 3025
2756 3026
2756 3029
2756 3073
2756 3084
2756 3090
2756 3104
2756 3135
2756 3220
2756 3232
2756 3238
2756 3257
2756 3293
2756 3362
2756 3363
2756 3364
2756 3384
2756 3417
2756 3433
2757 2763
2757 2777
2757 2782
2757 2800
2757 2815
2757 2827
2757 2835
2757 2839
2757 2854
2757 2864
2757 2866
2757 2867
2757 2872
2757 2877
2757 2896
2757 2906
2757 2909
2757 2911
2757 2912
2757 2916
2757 2917
2757 2919
2757 2925
2757 2927
2757 2940
2757 2944
2757 2945
2757 2960
2757 2966
2757 2969
2757 2974
2757 2986
2757 3000
2757 3004
2757 3022
2757 3033
2757 3036
2757 3040
2757 3054
2757 3056
2757 3064
2757 3065
2757 3078
2757 3090
2757 3096
2757 3098
2757 3104
2757 3108
2757 3129
2757 3135
2757 3142
2757 3149
2757 3174
2757 3184
2757 3195
2757 3220
2757 3226
2757 3232
2757 3284
2757 3286
2757 3301
2757 3304
2757 3324
2757 3363
2757 3364
2757 3387
2757 3414
2757 3417
2757 3426
2758 2780
2758 2784
2758 2801
2758 2813
2758 2816
2758 2843
2758 2856
2758 2865
2758 2918
2758 2932
2758 2951
2758 2955
2758 2964
2758 3019
2758 3032
2758 3081
2758 3087
2758 3136
2758 3154
2758 3162
2758 3167
2758 3187
2758 3196
2758 3198
2758 3219
2758 3233
2758 3236
2758 3253
2758 3255
2758 3256
2758 3259
2758 3264
2758 3285
2758 3307
2758 3330
2758 3341
2758 3365
2758 3366
2758 3369
2758 3385
2758 3412
2759 2812
2759 2820
2759 2836
2759 2854
2759 2866
2759 2909
2759 2946
2759 2961
2759 3041
2759 3064
2759 3095
2759 3117
2759 3202
2759 3213
2759 3237
2759 3286
2759 3303
2759 3324
2759 3383
2759 3426
2760 2790
2760 2813
2760 3057
2760 3222
2760 3263
2760 3432
2761 2763
2761 2839
2761 2944
2761 2948
2761 2966
2761 3023
2761 3052
2761 3054
2761 3184
2761 3193
2761 3234
2761 3237
2761 3286
2761 3294
2761 3303
2761 3315
2761 3324
2761 3362
2761 3387
2761 3390
2761 3414
2761 3426
2762 2787
2762 2841
2762 2904
2762 3027
2762 3140
2762 3214
2762 3221
2762 3248
2762 3255
2762 3275
2762 3277
2762 3279
2762 3327
2762 3329
2762 3353
2762 3380
2762 3385
2763 2777
2763 2800
2763 2806
2763 2810
2763 2835
2763 2839
2763 2854
2763 2862
2763 2864
2763 2867
2763 2880
2763 2890
2763 2891
2763 2912
2763 2913
2763 2915
2763 2919
2763 2920
2763 2927
2763 2931
2763 2943
2763 2944
2763 2945
2763 2948
2763 2956
2763 2960
2763 2967
2763 2974
2763 3000
2763 3023
2763 3026
2763 3042
2763 3052
2763 3056
2763 3184
2763 3193
2763 3213
2763 3220
2763 3228
2763 3232
2763 3234
2763 3237
2763 3286
2763 3294
2763 3303
2763 3315
2763 3324
2763 3363
2763 3414
2763 3417
2763 3426
2764 2822
2764 2903
2764 2923
2764 2941
2764 2979
2764 2999
2764 3011
2764 3020
2764 3201
2764 3222
2764 3263
2764 3278
2764 3302
2764 3319
2764 3340
2764 3361
2765 2770
2765 2780
2765 2793
2765 2828
2765 2849
2765 2853
2765 2863
2765 2939
2765 2970
2765 2973
2765 3007
2765 3021
2765 3035
2765 3049
2765 3070
2765 3082
2765 3094
2765 3101
2765 3102
2765 3116
2765 3120
2765 3132
2765 3146
2765 3169
2765 3201
2765 3206
2765 3239
2765 3247
2765 3252
2765 3265
2765 3267
2765 3277
2765 3297
2765 3316
2765 3330
2765 3344
2765 3351
2765 3391
2765 3397
2765 3416
2765 3419
2765 3434
2766 2786
2766 2794
2766 2810
2766 2821
2766 2907
2766 2924
2766 2929
2766 3025
2766 3119
2766 3413
2767 2889
2767 2959
2767 3314
2767 3318
2768 2813
2768 2865
2768 2918
2768 2921
2768 2951
2768 2973
2768 3002
2768 3017
2768 3020
2768 3034
2768 3072
2768 3077
2768 3097
2768 3118
2768 3151
2768 3242
2768 3263
2768 3274
2768 3276
2768 3287
2768 3299
2768 3302
2768 3313
2768 3353
2768 3403
2768 3409
2769 2789
2769 2807
2769 2943
2769 2978
2769 3010
2769 3090
2769 3130
2769 3139
2769 3300
2770 2778
2770 2849
2770 2853
2770 2863
2770 2904
2770 2939
2770 3021
2770 3035
2770 3049
2770 3070
2770 3101
2770 3102
2770 3116
2770 3132
2770 3146
2770 3150
2770 3152
2770 3169
2770 3185
2770 3188
2770 3201
2770 3239
2770 3247
2770 3252
2770 3265
2770 3277
2770 3280
2770 3291
2770 3297
2770 3330
2770 3347
2770 3351
2770 3411
2770 3416
2770 3419
2770 3434
2771 2836
2771 2841
2771 2858
2771 2893
2771 2954
2771 3214
2771 3221
2771 3248
2771 3327
2771 3383
2771 3389
2771 3424
2772 2785
2772 2803
2772 2831
2772 2895
2772 2958
2772 2996
2772 3017
2772 3027
2772 3075
2772 3093
2772 3107
2772 3192
2772 3214
2772 3221
2772 3242
2772 3256
2772 3274
2772 3296
2772 3313
2772 3319
2772 3328
2772 3342
2772 3349
2772 3357
2772 3374
2772 3406
2772 3411
2773 2782
2773 2786
2773 2810
2773 2815
2773 2862
2773 2873
2773 2890
2773 2905
2773 2913
2773 2915
2773 2916
2773 2925
2773 2929
2773 2931
2773 2945
2773 2953
2773 2956
2773 2969
2773 2977
2773 2987
2773 2988
2773 2993
2773 2994
2773 3004
2773 3014
2773 3026
2773 3029
2773 3040
2773 3078
2773 3084
2773 3090
2773 3096
2773 3104
2773 3119
2773 3158
2773 3166
2773 3174
2773 3238
2773 3293
2773 3339
2773 3348
2773 3362
2773 3364
2773 3384
2773 3417
2773 3433
2773 3435
2774 2817
2774 3055
2774 3074
2774 3127
2774 3147
2775 2845
2775 2881
2775 2892
2775 2947
2775 2951
2775 2962
2775 2995
2775 3001
2775 3002
2775 3018
2775 3019
2775 3051
2775 3062
2775 3162
2775 3168
2775 3186
2775 3233
2775 3273
2775 3295
2775 3346
2775 3366
2776 2861
2776 3105
2776 3141
2776 3216
2776 3271
2777 2782
2777 2786
2777 2800
2777 2806
2777 2810
2777 2815
2777 2827
2777 2839
2777 2850
2777 2864
2777 2867
2777 2872
2777 2884
2777 2896
2777 2897
2777 2906
2777 2908
2777 2909
2777 2910
2777 2911
2777 2912
2777 2916
2777 2919
2777 2920
2777 2925
2777 2927
2777 2928
2777 2940
2777 2943
2777 2944
2777 2945
2777 2960
2777 2966
2777 2969
2777 2974
2777 2985
2777 2986
2777 2988
2777 3000
2777 3004
2777 3022
2777 3054
2777 3056
2777 3064
2777 3073
2777 3078
2777 3085
2777 3096
2777 3098
2777 3108
2777 3158
2777 3184
2777 3195
2777 3220
2777 3226
2777 3228
2777 3232
2777 3284
2777 3304
2777 3348
2777 3363
2777 3387
2777 3399
2777 3417
2777 3426
2777 3433
2778 2781
2778 2796
2778 2823
2778 2828
2778 2833
2778 2849
2778 2853
2778 2863
2778 2869
2778 2875
2778 2881
2778 2894
2778 2901
2778 2904
2778 2921
2778 2938
2778 2939
2778 2991
2778 2992
2778 3016
2778 3017
2778 3035
2778 3039
2778 3049
2778 3051
2778 3060
2778 3076
2778 3082
2778 3100
2778 3101
2778 3102
2778 3109
2778 3111
2778 3112
2778 3113
2778 3115
2778 3116
2778 3118
2778 3120
2778 3132
2778 3145
2778 3146
2778 3148
2778 3150
2778 3169
2778 3172
2778 3179
2778 3182
2778 3185
2778 3199
2778 3201
2778 3204
2778 3225
2778 3239
2778 3247
2778 3252
2778 3261
2778 3265
2778 3267
2778 3272
2778 3274
2778 3277
2778 3280
2778 3287
2778 3297
2778 3298
2778 3306
2778 3320
2778 3327
2778 3330
2778 3332
2778 3335
2778 3345
2778 3347
2778 3350
2778 3351
2778 3366
2778 3377
2778 3378
2778 3381
2778 3396
2778 3397
2778 3416
2778 3419
2778 3422
2778 3434
2779 2829
2779 2951
2779 3019
2779 3068
2779 3069
2779 3077
2779 3086
2779 3162
2779 3177
2779 3207
2779 3233
2779 3285
2779 3356
2779 3366
2779 3412
2779 3420
2780 2785
2780 2793
2780 2795
2780 2846
2780 2863
2780 2871
2780 2923
2780 2939
2780 2950
2780 2979
2780 3013
2780 3041
2780 3048
2780 3049
2780 3089
2780 3101
2780 3102
2780 3109
2780 3116
2780 3136
2780 3138
2780 3146
2780 3152
2780 3172
2780 3178
2780 3188
2780 3198
2780 3201
2780 3209
2780 3211
2780 3212
2780 3219
2780 3233
2780 3240
2780 3247
2780 3256
2780 3265
2780 3279
2780 3297
2780 3299
2780 3307
2780 3335
2780 3351
2780 3352
2780 3360
2780 3374
2780 3395
2780 3419
2781 2787
2781 2796
2781 2836
2781 2849
2781 2853
2781 2863
2781 2869
2781 2894
2781 2901
2781 2939
2781 2958
2781 2991
2781 3005
2781 3027
2781 3035
2781 3049
2781 3060
2781 3076
2781 3082
2781 3100
2781 3101
2781 3113
2781 3116
2781 3120
2781 3136
2781 3148
2781 3150
2781 3151
2781 3157
2781 3169
2781 3179
2781 3182
2781 3201
2781 3204
2781 3214
2781 3221
2781 3252
2781 3261
2781 3267
2781 3277
2781 3280
2781 3288
2781 3291
2781 3297
2781 3326
2781 3327
2781 3335
2781 3347
2781 3350
2781 3351
2781 3366
2781 3381
2781 3397
2781 3419
2781 3425
2781 3434
2782 2786
2782 2800
2782 2806
2782 2815
2782 2827
2782 2835
2782 2839
2782 2854
2782 2862
2782 2864
2782 2866
2782 2872
2782 2877
2782 2891
2782 2896
2782 2905
2782 2906
2782 2909
2782 2910
2782 2911
2782 2912
2782 2913
2782 2915
2782 2916
2782 2920
2782 2924
2782 2927
2782 2943
2782 2944
2782 2956
2782 2960
2782 2966
2782 2969
2782 2985
2782 2986
2782 2988
2782 3004
2782 3010
2782 3014
2782 3022
2782 3025
2782 3026
2782 3033
2782 3036
2782 3040
2782 3047
2782 3052
2782 3054
2782 3064
2782 3078
2782 3084
2782 3085
2782 3090
2782 3096
2782 3104
2782 3108
2782 3123
2782 3142
2782 3149
2782 3174
2782 3184
2782 3195
2782 3213
2782 3226
2782 3232
2782 3234
2782 3250
2782 3284
2782 3301
2782 3303
2782 3304
2782 3324
2782 3339
2782 3348
2782 3363
2782 3364
2782 3384
2782 3387
2782 3399
2782 3426
2783 2787
2783 2819
2783 2932
2783 2955
2783 2976
2783 2984
2783 3017
2783 3027
2783 3028
2783 3060
2783 3076
2783 3087
2783 3152
2783 3172
2783 3182
2783 3185
2783 3192
2783 3198
2783 3255
2783 3274
2783 3291
2783 3341
2783 3353
2783 3369
2783 3383
2783 3385
2783 3395
2783 3422
2784 2813
2784 2848
2784 2856
2784 2979
2784 3034
2784 3072
2784 3099
2784 3115
2784 3136
2784 3150
2784 3179
2784 3211
2784 3214
2784 3219
2784 3259
2784 3275
2784 3329
2784 3342
2784 3349
2784 3365
2784 3397
2784 3409
2785 2846
2785 2849
2785 2863
2785 2904
2785 3013
2785 3041
2785 3046
2785 3058
2785 3067
2785 3072
2785 3081
2785 3089
2785 3101
2785 3109
2785 3138
2785 3146
2785 3152
2785 3188
2785 3209
2785 3212
2785 3233
2785 3240
2785 3249
2785 3272
2785 3280
2785 3299
2785 3302
2785 3306
2785 3335
2785 3341
2785 3345
2785 3352
2785 3360
2785 3431
2786 2800
2786 2810
2786 2827
2786 2835
2786 2839
2786 2862
2786 2864
2786 2866
2786 2873
2786 2874
2786 2877
2786 2890
2786 2896
2786 2906
2786 2910
2786 2912
2786 2913
2786 2915
2786 2916
2786 2919
2786 2924
2786 2927
2786 2928
2786 2929
2786 2931
2786 2940
2786 2943
2786 2944
2786 2946
2786 2953
2786 2956
2786 2960
2786 2966
2786 2969
2786 2977
2786 2981
2786 2985
2786 2986
2786 2988
2786 2993
2786 2994
2786 3000
2786 3014
2786 3022
2786 3025
2786 3026
2786 3029
2786 3033
2786 3054
2786 3073
2786 3078
2786 3084
2786 3090
2786 3104
2786 3114
2786 3119
2786 3158
2786 3166
2786 3174
2786 3213
2786 3220
2786 3228
2786 3238
2786 3243
2786 3257
2786 3284
2786 3293
2786 3324
2786 3362
2786 3363
2786 3364
2786 3384
2786 3387
2786 3394
2786 3417
2786 3426
2786 3433
2786 3435
2787 2793
2787 2825
2787 2836
2787 2849
2787 2863
2787 2892
2787 2901
2787 2904
2787 2932
2787 2939
2787 3027
2787 3034
2787 3038
2787 3049
2787 3070
2787 3072
2787 3082
2787 3087
2787 3097
2787 3101
2787 3116
2787 3150
2787 3211
2787 3214
2787 3253
2787 3256
2787 3291
2787 3302
2787 3312
2787 3320
2787 3321
2787 3327
2787 3342
2787 3347
2787 3369
2787 3379
2787 3380
2787 3395
2787 3403
2788 3271
2789 2807
2789 2851
2789 2888
2789 2944
2789 2978
2789 3026
2789 3045
2789 3059
2789 3084
2789 3104
2789 3130
2789 3137
2789 3231
2789 3300
2789 3428
2790 2803
2790 2813
2790 2848
2790 3203
2790 3302
2791 2812
2791 2818
2791 2844
2791 2876
2791 2950
2791 2975
2791 3088
2791 3116
2791 3136
2792 3037
2793 2795
2793 2828
2793 2833
2793 2849
2793 2853
2793 2863
2793 2875
2793 2901
2793 2936
2793 2937
2793 2939
2793 2950
2793 2970
2793 2973
2793 2989
2793 2991
2793 2992
2793 3007
2793 3021
2793 3027
2793 3035
2793 3038
2793 3041
2793 3046
2793 3049
2793 3051
2793 3060
2793 3070
2793 3072
2793 3082
2793 3089
2793 3097
2793 3101
2793 3103
2793 3106
2793 3115
2793 3116
2793 3120
2793 3132
2793 3136
2793 3140
2793 3146
2793 3150
2793 3152
2793 3154
2793 3160
2793 3169
2793 3191
2793 3198
2793 3201
2793 3206
2793 3212
2793 3214
2793 3224
2793 3239
2793 3240
2793 3247
2793 3252
2793 3253
2793 3267
2793 3277
2793 3280
2793 3288
2793 3291
2793 3297
2793 3316
2793 3319
2793 3320
2793 3321
2793 3330
2793 3332
2793 3335
2793 3342
2793 3344
2793 3345
2793 3347
2793 3350
2793 3351
2793 3353
2793 3355
2793 3386
2793 3391
2793 3396
2793 3397
2793 3406
2793 3416
2793 3434
2794 2810
2794 2821
2794 2874
2794 2887
2794 2907
2794 2966
2794 2988
2794 3000
2794 3073
2794 3119
2794 3135
2794 3158
2794 3417
2794 3433
2795 2813
2795 2832
2795 2904
2795 3020
2795 3046
2795 3048
2795 3050
2795 3110
2795 3138
2795 3148
2795 3178
2795 3211
2795 3254
2795 3296
2795 3307
2795 3353
2795 3374
2795 3385
2796 2828
2796 2833
2796 2849
2796 2853
2796 2863
2796 2869
2796 2881
2796 2894
2796 2921
2796 2936
2796 2939
2796 2991
2796 3016
2796 3017
2796 3035
2796 3039
2796 3049
2796 3051
2796 3060
2796 3076
2796 3082
2796 3101
2796 3111
2796 3113
2796 3132
2796 3145
2796 3172
2796 3185
2796 3199
2796 3201
2796 3204
2796 3261
2796 3267
2796 3274
2796 3277
2796 3280
2796 3287
2796 3297
2796 3320
2796 3347
2796 3350
2796 3351
2796 3377
2796 3378
2796 3381
2796 3396
2796 3419
2796 3422
2796 3434
2797 2823
2797 2845
2797 2894
2797 2901
2797 2936
2797 2937
2797 2995
2797 3011
2797 3076
2797 3079
2797 3179
2797 3182
2797 3258
2797 3262
2797 3320
2797 3332
2797 3350
2797 3378
2797 3396
2798 3303
2799 2861
2799 3053
2799 3105
2799 3122
2799 3200
2799 3218
2799 3354
2800 2806
2800 2810
2800 2815
2800 2827
2800 2839
2800 2854
2800 2862
2800 2864
2800 2867
2800 2872
2800 2877
2800 2880
2800 2890
2800 2897
2800 2906
2800 2910
2800 2912
2800 2913
2800 2916
2800 2919
2800 2925
2800 2927
2800 2928
2800 2940
2800 2943
2800 2944
2800 2945
2800 2956
2800 2960
2800 2966
2800 2969
2800 2974
2800 2986
2800 2988
2800 3000
2800 3004
2800 3023
2800 3026
2800 3033
2800 3040
2800 3044
2800 3056
2800 3073
2800 3078
2800 3085
2800 3090
2800 3096
2800 3098
2800 3119
2800 3135
2800 3174
2800 3213
2800 3220
2800 3232
2800 3250
2800 3284
2800 3324
2800 3348
2800 3363
2800 3400
2800 3417
2800 3426
2800 3433
2801 2865
2801 3032
2801 3167
2801 3221
2801 3255
2801 3256
2801 3365
2802 2863
2802 3035
2802 3106
2802 3150
2802 3154
2802 3267
2802 3397
2802 3419
2803 2813
2803 2848
2803 2881
2803 2882
2803 2996
2803 3048
2803 3100
2803 3124
2803 3138
2803 3140
2803 3178
2803 3196
2803 3211
2803 3214
2803 3256
2803 3280
2803 3380
2803 3418
2804 2836
2804 2984
2804 2992
2804 3316
2804 3327
2804 3377
2804 3416
2805 2806
2805 2922
2805 2983
2805 2997
2805 3012
2805 3028
2805 3121
2806 2839
2806 2854
2806 2867
2806 2877
2806 2880
2806 2890
2806 2891
2806 2909
2806 2910
2806 2912
2806 2919
2806 2920
2806 2925
2806 2927
2806 2943
2806 2944
2806 2948
2806 2967
2806 2986
2806 3000
2806 3004
2806 3014
2806 3023
2806 3114
2806 3142
2806 3184
2806 3213
2806 3234
2806 3237
2806 3286
2806 3294
2806 3309
2806 3324
2806 3363
2806 3414
2806 3417
2806 3430
2807 2837
2807 2887
2807 2888
2807 2978
2807 3010
2807 3025
2807 3080
2807 3084
2807 3123
2807 3129
2807 3130
2807 3231
2807 3257
2807 3300
2807 3394
2807 3400
2807 3428
2808 3121
2809 2837
2809 3010
2809 3026
2809 3030
2809 3036
2809 3080
2809 3090
2809 3104
2809 3231
2809 3269
2809 3317
2809 3333
2809 3362
2809 3388
2809 3394
2810 2821
2810 2839
2810 2867
2810 2873
2810 2874
2810 2880
2810 2887
2810 2907
2810 2910
2810 2920
2810 2927
2810 2928
2810 2940
2810 2943
2810 2944
2810 2945
2810 2960
2810 2974
2810 2986
2810 2988
2810 2994
2810 3000
2810 3023
2810 3025
2810 3056
2810 3073
2810 3084
2810 3090
2810 3117
2810 3123
2810 3135
2810 3158
2810 3163
2810 3213
2810 3220
2810 3236
2810 3293
2810 3362
2810 3363
2810 3417
2810 3433
2811 2904
2811 3162
2811 3272
2811 3280
2811 3331
2812 2818
2812 2843
2812 2869
2812 3041
2812 3087
2812 3140
2812 3187
2812 3249
2812 3256
2812 3273
2812 3287
2812 3291
2812 3365
2812 3393
2812 3403
2812 3421
2813 2818
2813 2826
2813 2848
2813 2883
2813 2951
2813 2971
2813 2979
2813 3002
2813 3020
2813 3136
2813 3171
2813 3177
2813 3178
2813 3214
2813 3365
2813 3393
2813 3409
2815 2827
2815 2839
2815 2866
2815 2872
2815 2905
2815 2910
2815 2911
2815 2912
2815 2916
2815 2917
2815 2920
2815 2925
2815 2943
2815 2944
2815 2966
2815 2969
2815 2986
2815 2987
2815 3022
2815 3026
2815 3033
2815 3040
2815 3056
2815 3064
2815 3065
2815 3078
2815 3085
2815 3090
2815 3096
2815 3098
2815 3108
2815 3142
2815 3149
2815 3195
2815 3226
2815 3232
2815 3250
2815 3304
2815 3363
2815 3387
2815 3426
2816 2843
2816 2865
2816 3087
2816 3152
2816 3187
2816 3256
2816 3264
2816 3369
2817 3055
2817 3074
2817 3127
2818 2882
2818 2946
2818 3067
2818 3261
2818 3276
2818 3350
2818 3353
2819 2904
2819 2996
2819 3017
2819 3035
2819 3140
2819 3148
2819 3192
2819 3221
2819 3272
2819 3280
2819 3289
2819 3306
2819 3307
2819 3313
2819 3328
2819 3341
2819 3342
2819 3346
2819 3385
2819 3421
2820 2870
2820 2934
2820 2962
2820 3001
2820 3190
2820 3233
2820 3244
2820 3246
2820 3275
2820 3292
2820 3295
2821 2966
2821 3114
2821 3119
2821 3135
2821 3158
2821 3166
2821 3413
2822 2831
2822 2941
2822 2999
2822 3164
2822 3222
2822 3263
2822 3278
2822 3361
2823 2828
2823 2845
2823 2875
2823 2894
2823 2937
2823 2992
2823 3011
2823 3051
2823 3060
2823 3076
2823 3079
2823 3082
2823 3118
2823 3145
2823 3170
2823 3172
2823 3179
2823 3182
2823 3258
2823 3261
2823 3262
2823 3267
2823 3287
2823 3320
2823 3332
2823 3350
2823 3378
2823 3396
2823 3403
2823 3434
2824 2962
2824 3077
2824 3091
2825 2844
2825 2868
2825 2921
2825 2942
2825 2951
2825 2989
2825 3027
2825 3075
2825 3156
2825 3177
2825 3198
2825 3256
2825 3365
2825 3385
2825 3431
2826 2979
2826 3165
2826 3211
2826 3340
2826 3361
2827 2839
2827 2852
2827 2866
2827 2867
2827 2872
2827 2877
2827 2890
2827 2897
2827 2905
2827 2906
2827 2910
2827 2911
2827 2913
2827 2915
2827 2916
2827 2917
2827 2919
2827 2920
2827 2925
2827 2929
2827 2943
2827 2944
2827 2956
2827 2966
2827 2969
2827 2985
2827 2986
2827 2987
2827 2993
2827 2994
2827 3022
2827 3026
2827 3033
2827 3040
2827 3054
2827 3064
2827 3065
2827 3078
2827 3090
2827 3096
2827 3098
2827 3108
2827 3149
2827 3163
2827 3166
2827 3174
2827 3195
2827 3226
2827 3232
2827 3284
2827 3301
2827 3348
2827 3363
2827 3387
2827 3390
2827 3417
2827 3426
2827 3435
2828 2833
2828 2849
2828 2869
2828 2875
2828 2901
2828 2936
2828 2937
2828 2939
2828 2970
2828 2973
2828 2989
2828 2991
2828 2992
2828 3027
2828 3035
2828 3038
2828 3049
2828 3051
2828 3060
2828 3076
2828 3082
2828 3101
2828 3102
2828 3106
2828 3113
2828 3115
2828 3116
2828 3120
2828 3132
2828 3146
2828 3148
2828 3152
2828 3169
2828 3170
2828 3172
2828 3179
2828 3185
2828 3201
2828 3209
2828 3247
2828 3252
2828 3261
2828 3265
2828 3272
2828 3277
2828 3280
2828 3291
2828 3298
2828 3320
2828 3330
2828 3332
2828 3335
2828 3344
2828 3347
2828 3350
2828 3351
2828 3377
2828 3378
2828 3381
2828 3391
2828 3396
2828 3397
2828 3406
2828 3411
2828 3416
2828 3434
2829 2951
2829 3001
2829 3019
2829 3062
2829 3068
2829 3069
2829 3077
2829 3086
2829 3154
2829 3162
2829 3168
2829 3176
2829 3177
2829 3207
2829 3233
2829 3241
2829 3285
2829 3295
2829 3334
2829 3356
2829 3366
2829 3412
2830 2951
2830 2990
2830 2992
2830 3002
2830 3019
2830 3154
2830 3168
2830 3191
2830 3207
2830 3233
2830 3319
2830 3346
2830 3366
2830 3379
2830 3412
2830 3434
2831 2832
2831 2863
2831 2865
2831 2901
2831 2996
2831 3050
2831 3124
2831 3214
2831 3256
2831 3312
2831 3326
2831 3365
2831 3393
2832 2841
2832 2863
2832 2901
2832 2958
2832 3015
2832 3016
2832 3017
2832 3027
2832 3050
2832 3082
2832 3124
2832 3171
2832 3208
2832 3214
2832 3256
2832 3267
2832 3275
2832 3276
2832 3277
2832 3312
2832 3330
2832 3335
2832 3353
2833 2849
2833 2863
2833 2869
2833 2875
2833 2894
2833 2904
2833 2914
2833 2936
2833 2937
2833 2939
2833 2973
2833 2991
2833 2992
2833 3011
2833 3017
2833 3021
2833 3035
2833 3038
2833 3049
2833 3051
2833 3060
2833 3076
2833 3079
2833 3082
2833 3089
2833 3101
2833 3102
2833 3113
2833 3115
2833 3116
2833 3132
2833 3146
2833 3150
2833 3152
2833 3154
2833 3179
2833 3182
2833 3185
2833 3188
2833 3201
2833 3212
2833 3224
2833 3239
2833 3253
2833 3258
2833 3265
2833 3267
2833 3272
2833 3277
2833 3280
2833 3288
2833 3291
2833 3297
2833 3298
2833 3299
2833 3319
2833 3320
2833 3321
2833 3330
2833 3332
2833 3345
2833 3347
2833 3350
2833 3351
2833 3355
2833 3360
2833 3381
2833 3396
2833 3397
2833 3406
2833 3411
2833 3434
2834 2972
2834 3176
2834 3283
2834 3318
2834 3325
2834 3423
2835 2839
2835 2862
2835 2864
2835 2874
2835 2880
2835 2906
2835 2924
2835 2940
2835 2943
2835 2946
2835 2956
2835 2960
2835 2986
2835 2994
2835 3000
2835 3033
2835 3104
2835 3117
2835 3119
2835 3129
2835 3174
2835 3195
2835 3226
2835 3243
2835 3324
2835 3339
2835 3348
2835 3363
2835 3387
2835 3399
2835 3417
2836 2840
2836 2841
2836 2858
2836 2893
2836 2898
2836 2954
2836 3005
2836 3019
2836 3140
2836 3157
2836 3190
2836 3214
2836 3221
2836 3248
2836 3291
2836 3327
2836 3342
2836 3383
2836 3386
2836 3421
2836 3424
2837 3010
2837 3025
2837 3030
2837 3080
2837 3231
2837 3257
2837 3269
2837 3317
2837 3394
2838 3003
2839 2852
2839 2862
2839 2864
2839 2866
2839 2867
2839 2872
2839 2877
2839 2880
2839 2890
2839 2896
2839 2905
2839 2906
2839 2907
2839 2908
2839 2909
2839 2910
2839 2911
2839 2912
2839 2913
2839 2916
2839 2919
2839 2920
2839 2924
2839 2925
2839 2927
2839 2928
2839 2940
2839 2943
2839 2944
2839 2945
2839 2946
2839 2948
2839 2956
2839 2960
2839 2966
2839 2967
2839 2969
2839 2974
2839 2981
2839 2985
2839 2986
2839 3000
2839 3004
2839 3022
2839 3023
2839 3025
2839 3026
2839 3029
2839 3033
2839 3040
2839 3052
2839 3054
2839 3056
2839 3064
2839 3065
2839 3073
2839 3078
2839 3085
2839 3096
2839 3098
2839 3104
2839 3108
2839 3117
2839 3119
2839 3135
2839 3142
2839 3149
2839 3158
2839 3163
2839 3174
2839 3184
2839 3193
2839 3195
2839 3202
2839 3213
2839 3220
2839 3226
2839 3228
2839 3232
2839 3234
2839 3237
2839 3238
2839 3250
2839 3284
2839 3286
2839 3293
2839 3304
2839 3324
2839 3339
2839 3348
2839 3362
2839 3363
2839 3364
2839 3387
2839 3414
2839 3417
2839 3426
2839 3433
2840 2881
2840 2904
2840 2958
2840 2973
2840 2976
2840 2992
2840 3002
2840 3017
2840 3034
2840 3039
2840 3060
2840 3082
2840 3111
2840 3112
2840 3118
2840 3145
2840 3172
2840 3185
2840 3225
2840 3267
2840 3281
2840 3287
2840 3320
2840 3367
2840 3377
2840 3378
2840 3396
2840 3403
2841 2858
2841 2898
2841 2946
2841 2954
2841 3016
2841 3081
2841 3089
2841 3097
2841 3117
2841 3171
2841 3190
2841 3208
2841 3214
2841 3221
2841 3248
2841 3255
2841 3259
2841 3327
2841 3335
2841 3383
2841 3389
2841 3422
2841 3424
2841 3431
2843 2865
2843 2918
2843 2932
2843 2955
2843 3032
2843 3087
2843 3136
2843 3154
2843 3156
2843 3187
2843 3196
2843 3198
2843 3236
2843 3255
2843 3256
2843 3264
2843 3365
2843 3369
2843 3385
2843 3402
2844 2871
2844 2878
2844 2881
2844 2894
2844 2904
2844 2951
2844 3017
2844 3027
2844 3034
2844 3072
2844 3075
2844 3087
2844 3101
2844 3140
2844 3144
2844 3211
2844 3274
2844 3365
2844 3385
2844 3395
2845 2892
2845 2937
2845 2951
2845 3002
2845 3019
2845 3051
2845 3060
2845 3076
2845 3118
2845 3172
2845 3186
2845 3261
2845 3263
2845 3287
2845 3295
2845 3298
2845 3396
2845 3403
2846 2914
2846 3013
2846 3038
2846 3041
2846 3046
2846 3058
2846 3089
2846 3109
2846 3175
2846 3188
2846 3209
2846 3212
2846 3260
2846 3299
2846 3320
2846 3321
2846 3345
2846 3352
2846 3360
2846 3397
2847 2856
2847 2859
2847 2965
2847 3011
2847 3144
2847 3162
2847 3173
2847 3255
2847 3263
2847 3307
2847 3341
2848 2876
2848 2881
2848 2901
2848 2996
2848 3049
2848 3133
2848 3148
2848 3178
2848 3203
2848 3214
2848 3280
2848 3302
2848 3306
2848 3405
2849 2853
2849 2863
2849 2869
2849 2875
2849 2894
2849 2901
2849 2904
2849 2939
2849 2970
2849 2973
2849 2991
2849 3021
2849 3027
2849 3035
2849 3038
2849 3046
2849 3049
2849 3070
2849 3076
2849 3082
2849 3089
2849 3101
2849 3102
2849 3106
2849 3115
2849 3116
2849 3132
2849 3146
2849 3150
2849 3152
2849 3169
2849 3179
2849 3185
2849 3201
2849 3206
2849 3212
2849 3239
2849 3240
2849 3247
2849 3252
2849 3265
2849 3267
2849 3277
2849 3280
2849 3288
2849 3291
2849 3297
2849 3299
2849 3316
2849 3319
2849 3321
2849 3330
2849 3332
2849 3335
2849 3344
2849 3345
2849 3347
2849 3350
2849 3351
2849 3381
2849 3396
2849 3397
2849 3406
2849 3416
2849 3419
2849 3434
2850 2864
2850 2867
2850 2872
2850 2877
2850 2880
2850 2896
2850 2897
2850 2905
2850 2906
2850 2910
2850 2911
2850 2915
2850 2916
2850 2920
2850 2924
2850 2925
2850 2927
2850 2943
2850 2966
2850 2969
2850 2986
2850 3054
2850 3193
2850 3195
2850 3228
2850 3293
2850 3348
2850 3363
2850 3426
2851 2888
2851 2978
2851 3084
2851 3090
2851 3095
2851 3114
2851 3130
2851 3137
2851 3139
2851 3229
2851 3231
2851 3300
2851 3348
2851 3392
2851 3394
2851 3430
2852 2916
2852 2920
2852 2940
2852 2943
2852 3096
2852 3220
2852 3226
2853 2863
2853 2869
2853 2894
2853 2939
2853 2991
2853 2992
2853 3016
2853 3021
2853 3035
2853 3049
2853 3070
2853 3082
2853 3101
2853 3102
2853 3106
2853 3113
2853 3116
2853 3120
2853 3132
2853 3145
2853 3146
2853 3150
2853 3169
2853 3201
2853 3206
2853 3239
2853 3240
2853 3247
2853 3252
2853 3265
2853 3267
2853 3277
2853 3280
2853 3297
2853 3316
2853 3320
2853 3330
2853 3335
2853 3342
2853 3344
2853 3347
2853 3351
2853 3381
2853 3391
2853 3397
2853 3415
2853 3416
2853 3419
2854 2864
2854 2927
2854 2931
2854 2944
2854 2953
2854 2969
2854 3010
2854 3023
2854 3025
2854 3080
2854 3095
2854 3104
2854 3184
2854 3193
2854 3213
2854 3228
2854 3234
2854 3237
2854 3286
2854 3303
2854 3362
2854 3363
2854 3390
2854 3394
2854 3414
2854 3426
2854 3430
2855 2904
2855 3272
2855 3280
2856 2868
2856 2979
2856 2996
2856 3020
2856 3099
2856 3115
2856 3185
2856 3212
2856 3242
2856 3329
2856 3342
2856 3349
2857 3200
2858 2889
2858 2898
2858 2921
2858 2923
2858 3072
2858 3075
2858 3097
2858 3248
2858 3275
2858 3302
2858 3327
2858 3383
2858 3404
2859 2868
2859 2984
2859 3002
2859 3027
2859 3075
2859 3107
2859 3140
2859 3263
2859 3291
2859 3302
2859 3341
2859 3365
2859 3397
2860 3019
2860 3168
2861 3053
2861 3122
2861 3141
2861 3200
2861 3216
2861 3218
2861 3271
2861 3354
2862 2864
2862 2873
2862 2874
2862 2887
2862 2890
2862 2906
2862 2910
2862 2912
2862 2913
2862 2915
2862 2924
2862 2927
2862 2928
2862 2929
2862 2944
2862 2946
2862 2956
2862 2960
2862 2966
2862 2969
2862 2985
2862 2986
2862 2988
2862 2993
2862 2994
2862 3000
2862 3014
2862 3022
2862 3025
2862 3026
2862 3029
2862 3054
2862 3073
2862 3084
2862 3090
2862 3104
2862 3119
2862 3174
2862 3195
2862 3220
2862 3232
2862 3238
2862 3286
2862 3293
2862 3324
2862 3362
2862 3363
2862 3364
2862 3384
2862 3387
2862 3417
2862 3433
2862 3435
2863 2869
2863 2901
2863 2904
2863 2939
2863 2980
2863 2991
2863 2992
2863 3006
2863 3016
2863 3021
2863 3034
2863 3035
2863 3038
2863 3049
2863 3050
2863 3051
2863 3070
2863 3082
2863 3094
2863 3097
2863 3101
2863 3102
2863 3113
2863 3115
2863 3116
2863 3120
2863 3124
2863 3132
2863 3145
2863 3146
2863 3150
2863 3151
2863 3152
2863 3154
2863 3169
2863 3171
2863 3172
2863 3185
2863 3187
2863 3198
2863 3201
2863 3204
2863 3206
2863 3214
2863 3235
2863 3239
2863 3247
2863 3252
2863 3256
2863 3258
2863 3265
2863 3267
2863 3270
2863 3274
2863 3277
2863 3280
2863 3296
2863 3297
2863 3316
2863 3320
2863 3330
2863 3335
2863 3344
2863 3347
2863 3349
2863 3351
2863 3357
2863 3365
2863 3380
2863 3381
2863 3386
2863 3391
2863 3397
2863 3416
2863 3419
2863 3429
2863 3434
2864 2867
2864 2880
2864 2896
2864 2897
2864 2906
2864 2908
2864 2909
2864 2910
2864 2911
2864 2915
2864 2919
2864 2920
2864 2925
2864 2940
2864 2943
2864 2944
2864 2946
2864 2956
2864 2960
2864 2966
2864 2969
2864 2985
2864 2986
2864 3004
2864 3054
2864 3065
2864 3073
2864 3078
2864 3096
2864 3098
2864 3104
2864 3108
2864 3117
2864 3119
2864 3135
2864 3174
2864 3226
2864 3232
2864 3234
2864 3250
2864 3284
2864 3324
2864 3348
2864 3362
2864 3363
2864 3387
2864 3417
2864 3433
2865 2918
2865 2932
2865 2955
2865 2979
2865 3020
2865 3032
2865 3050
2865 3061
2865 3081
2865 3087
2865 3124
2865 3156
2865 3167
2865 3187
2865 3196
2865 3236
2865 3253
2865 3256
2865 3263
2865 3264
2865 3312
2865 3365
2865 3369
2865 3385
2865 3393
2865 3402
2866 2867
2866 2872
2866 2873
2866 2877
2866 2890
