2866 2891
2866 2897
2866 2905
2866 2906
2866 2909
2866 2910
2866 2911
2866 2912
2866 2913
2866 2915
2866 2916
2866 2917
2866 2919
2866 2925
2866 2928
2866 2940
2866 2956
2866 2966
2866 2985
2866 2986
2866 2993
2866 2994
2866 3022
2866 3026
2866 3033
2866 3040
2866 3047
2866 3056
2866 3064
2866 3065
2866 3078
2866 3084
2866 3090
2866 3096
2866 3098
2866 3108
2866 3142
2866 3149
2866 3174
2866 3195
2866 3226
2866 3232
2866 3250
2866 3284
2866 3304
2866 3324
2866 3339
2866 3348
2866 3363
2866 3387
2866 3390
2866 3399
2866 3426
2866 3430
2867 2877
2867 2880
2867 2897
2867 2906
2867 2907
2867 2909
2867 2910
2867 2913
2867 2915
2867 2916
2867 2917
2867 2919
2867 2920
2867 2925
2867 2927
2867 2928
2867 2931
2867 2940
2867 2943
2867 2944
2867 2945
2867 2946
2867 2960
2867 2974
2867 2986
2867 3000
2867 3004
2867 3022
2867 3023
2867 3026
2867 3054
2867 3056
2867 3064
2867 3073
2867 3078
2867 3085
2867 3098
2867 3117
2867 3149
2867 3158
2867 3174
2867 3184
2867 3195
2867 3213
2867 3232
2867 3243
2867 3293
2867 3301
2867 3324
2867 3363
2867 3387
2867 3399
2867 3417
2867 3426
2867 3433
2868 2936
2868 3002
2868 3051
2868 3077
2868 3099
2868 3212
2868 3215
2868 3224
2868 3242
2868 3329
2868 3349
2868 3373
2869 2881
2869 2936
2869 2937
2869 2939
2869 2950
2869 2980
2869 2991
2869 2992
2869 3016
2869 3021
2869 3035
2869 3049
2869 3051
2869 3060
2869 3082
2869 3101
2869 3113
2869 3116
2869 3132
2869 3145
2869 3152
2869 3169
2869 3170
2869 3172
2869 3199
2869 3201
2869 3204
2869 3239
2869 3252
2869 3267
2869 3270
2869 3277
2869 3280
2869 3289
2869 3297
2869 3302
2869 3320
2869 3330
2869 3335
2869 3340
2869 3347
2869 3350
2869 3351
2869 3378
2869 3381
2869 3386
2869 3396
2869 3397
2869 3416
2869 3419
2870 2934
2870 2990
2870 3001
2870 3002
2870 3009
2870 3017
2870 3077
2870 3107
2870 3154
2870 3177
2870 3186
2870 3244
2870 3246
2870 3275
2870 3295
2870 3347
2870 3359
2870 3406
2871 2875
2871 2881
2871 2932
2871 2950
2871 2955
2871 3002
2871 3038
2871 3043
2871 3062
2871 3087
2871 3107
2871 3111
2871 3136
2871 3189
2871 3196
2871 3198
2871 3219
2871 3253
2871 3256
2871 3259
2871 3299
2871 3313
2871 3327
2871 3330
2871 3331
2871 3337
2871 3344
2871 3353
2871 3360
2871 3365
2871 3369
2871 3395
2871 3415
2872 2873
2872 2877
2872 2880
2872 2890
2872 2905
2872 2906
2872 2909
2872 2910
2872 2911
2872 2912
2872 2913
2872 2916
2872 2919
2872 2920
2872 2925
2872 2944
2872 2956
2872 2966
2872 2985
2872 2986
2872 2993
2872 3022
2872 3026
2872 3033
2872 3040
2872 3047
2872 3052
2872 3054
2872 3056
2872 3064
2872 3065
2872 3078
2872 3084
2872 3090
2872 3096
2872 3098
2872 3108
2872 3142
2872 3149
2872 3166
2872 3195
2872 3226
2872 3232
2872 3238
2872 3250
2872 3284
2872 3293
2872 3294
2872 3339
2872 3348
2872 3362
2872 3363
2872 3387
2872 3426
2872 3430
2873 2874
2873 2877
2873 2890
2873 2905
2873 2911
2873 2913
2873 2915
2873 2928
2873 2929
2873 2931
2873 2953
2873 2956
2873 2966
2873 2977
2873 2988
2873 2993
2873 2994
2873 3000
2873 3014
2873 3022
2873 3026
2873 3029
2873 3033
2873 3047
2873 3052
2873 3054
2873 3078
2873 3084
2873 3090
2873 3104
2873 3114
2873 3119
2873 3123
2873 3129
2873 3137
2873 3149
2873 3158
2873 3166
2873 3174
2873 3226
2873 3232
2873 3238
2873 3257
2873 3293
2873 3301
2873 3339
2873 3348
2873 3362
2873 3364
2873 3384
2873 3387
2873 3417
2873 3433
2873 3435
2874 2887
2874 2907
2874 2915
2874 2924
2874 2928
2874 2940
2874 2945
2874 2966
2874 2977
2874 2988
2874 2994
2874 3000
2874 3025
2874 3073
2874 3084
2874 3104
2874 3119
2874 3135
2874 3158
2874 3232
2874 3238
2874 3243
2874 3284
2874 3293
2874 3363
2874 3384
2874 3387
2874 3400
2874 3417
2874 3433
2874 3435
2875 2894
2875 2904
2875 2937
2875 2958
2875 2976
2875 3005
2875 3043
2875 3060
2875 3076
2875 3079
2875 3101
2875 3111
2875 3115
2875 3116
2875 3150
2875 3170
2875 3172
2875 3179
2875 3182
2875 3185
2875 3248
2875 3258
2875 3261
2875 3272
2875 3280
2875 3287
2875 3302
2875 3313
2875 3320
2875 3327
2875 3332
2875 3335
2875 3350
2875 3360
2875 3386
2875 3396
2875 3411
2876 2904
2876 3116
2876 3144
2876 3152
2876 3188
2876 3214
2876 3272
2876 3280
2876 3306
2876 3331
2877 2880
2877 2887
2877 2890
2877 2891
2877 2896
2877 2897
2877 2905
2877 2906
2877 2908
2877 2909
2877 2910
2877 2911
2877 2912
2877 2913
2877 2915
2877 2916
2877 2919
2877 2920
2877 2925
2877 2929
2877 2940
2877 2943
2877 2944
2877 2953
2877 2956
2877 2960
2877 2966
2877 2967
2877 2969
2877 2974
2877 2985
2877 2986
2877 2994
2877 3000
2877 3004
2877 3022
2877 3026
2877 3029
2877 3033
2877 3040
2877 3042
2877 3047
2877 3052
2877 3054
2877 3064
2877 3073
2877 3078
2877 3090
2877 3095
2877 3096
2877 3098
2877 3104
2877 3114
2877 3117
2877 3137
2877 3142
2877 3149
2877 3174
2877 3184
2877 3195
2877 3202
2877 3226
2877 3232
2877 3237
2877 3238
2877 3250
2877 3284
2877 3303
2877 3324
2877 3339
2877 3348
2877 3362
2877 3363
2877 3387
2877 3399
2877 3426
2878 2904
2878 3020
2878 3049
2878 3144
2878 3214
2878 3249
2878 3253
2878 3346
2879 2889
2879 2959
2879 2972
2879 2982
2879 3008
2879 3283
2879 3309
2879 3311
2879 3314
2879 3318
2879 3325
2879 3382
2879 3423
2880 2897
2880 2905
2880 2906
2880 2908
2880 2909
2880 2910
2880 2915
2880 2919
2880 2920
2880 2925
2880 2927
2880 2928
2880 2943
2880 2944
2880 2945
2880 2946
2880 2960
2880 2966
2880 2967
2880 2974
2880 2986
2880 3000
2880 3004
2880 3022
2880 3023
2880 3054
2880 3056
2880 3064
2880 3065
2880 3073
2880 3078
2880 3085
2880 3098
2880 3117
2880 3174
2880 3184
2880 3213
2880 3220
2880 3232
2880 3284
2880 3286
2880 3339
2880 3348
2880 3362
2880 3363
2880 3417
2881 2894
2881 3007
2881 3015
2881 3017
2881 3019
2881 3024
2881 3039
2881 3076
2881 3111
2881 3112
2881 3113
2881 3124
2881 3133
2881 3145
2881 3172
2881 3185
2881 3188
2881 3199
2881 3233
2881 3261
2881 3273
2881 3274
2881 3287
2881 3320
2881 3365
2881 3366
2881 3377
2881 3378
2881 3395
2881 3422
2882 2958
2882 2968
2882 3027
2882 3057
2882 3124
2882 3347
2883 3043
2883 3101
2883 3150
2883 3223
2883 3258
2883 3278
2883 3385
2884 2909
2884 3044
2884 3227
2884 3390
2885 3290
2886 2949
2886 2999
2886 3066
2886 3083
2886 3126
2886 3128
2886 3310
2886 3322
2886 3336
2887 2897
2887 2906
2887 2907
2887 2915
2887 2944
2887 2956
2887 2988
2887 2994
2887 3000
2887 3004
2887 3025
2887 3029
2887 3036
2887 3052
2887 3073
2887 3084
2887 3090
2887 3114
2887 3119
2887 3135
2887 3158
2887 3220
2887 3293
2887 3362
2887 3363
2887 3399
2887 3400
2888 2978
2888 3010
2888 3090
2888 3114
2888 3130
2888 3137
2888 3231
2888 3300
2889 2959
2889 2972
2889 2982
2889 3008
2889 3155
2889 3275
2889 3309
2889 3311
2889 3314
2889 3318
2889 3325
2889 3382
2889 3423
2890 2905
2890 2906
2890 2909
2890 2910
2890 2912
2890 2913
2890 2915
2890 2919
2890 2920
2890 2927
2890 2928
2890 2929
2890 2931
2890 2953
2890 2956
2890 2977
2890 2985
2890 2988
2890 2993
2890 2994
2890 3000
2890 3004
2890 3014
2890 3025
2890 3026
2890 3029
2890 3033
2890 3042
2890 3047
2890 3052
2890 3073
2890 3078
2890 3084
2890 3090
2890 3104
2890 3114
2890 3119
2890 3123
2890 3137
2890 3142
2890 3149
2890 3158
2890 3166
2890 3226
2890 3229
2890 3232
2890 3243
2890 3293
2890 3294
2890 3324
2890 3339
2890 3348
2890 3362
2890 3364
2890 3384
2890 3387
2890 3394
2890 3417
2890 3426
2890 3433
2890 3435
2891 2905
2891 2909
2891 2913
2891 2966
2891 3026
2891 3052
2891 3073
2891 3142
2891 3184
2891 3193
2891 3234
2891 3237
2891 3303
2891 3324
2892 2934
2892 2951
2892 2995
2892 3001
2892 3002
2892 3019
2892 3077
2892 3086
2892 3154
2892 3162
2892 3168
2892 3178
2892 3204
2892 3207
2892 3233
2892 3285
2892 3288
2892 3295
2892 3298
2892 3412
2892 3415
2892 3420
2893 3159
2893 3327
2893 3374
2893 3389
2893 3432
2894 2937
2894 2958
2894 2973
2894 2991
2894 3005
2894 3011
2894 3017
2894 3035
2894 3049
2894 3060
2894 3076
2894 3079
2894 3111
2894 3112
2894 3115
2894 3116
2894 3124
2894 3145
2894 3172
2894 3173
2894 3179
2894 3182
2894 3185
2894 3198
2894 3225
2894 3253
2894 3258
2894 3261
2894 3262
2894 3274
2894 3280
2894 3306
2894 3320
2894 3327
2894 3331
2894 3332
2894 3350
2894 3381
2894 3396
2894 3403
2894 3411
2895 3017
2895 3027
2895 3217
2895 3274
2895 3302
2895 3331
2895 3358
2896 2916
2896 2919
2896 2925
2896 2928
2896 2931
2896 2943
2896 2944
2896 2969
2896 3022
2896 3054
2896 3056
2896 3073
2896 3078
2896 3085
2896 3117
2896 3129
2896 3193
2896 3228
2896 3284
2896 3286
2896 3293
2896 3301
2896 3304
2896 3324
2896 3348
2896 3363
2896 3426
2896 3435
2896 3436
2897 2906
2897 2909
2897 2910
2897 2912
2897 2916
2897 2919
2897 2920
2897 2924
2897 2925
2897 2928
2897 2943
2897 2944
2897 2946
2897 2960
2897 2966
2897 2985
2897 2986
2897 3000
2897 3004
2897 3033
2897 3054
2897 3056
2897 3064
2897 3073
2897 3098
2897 3119
2897 3174
2897 3195
2897 3226
2897 3228
2897 3232
2897 3303
2897 3363
2897 3399
2898 3214
2898 3248
2898 3327
2898 3424
2899 3139
2899 3229
2899 3392
2900 3019
2900 3077
2900 3154
2900 3162
2900 3207
2900 3233
2900 3356
2900 3366
2900 3412
2901 2904
2901 2932
2901 2939
2901 2989
2901 2992
2901 2996
2901 3009
2901 3027
2901 3035
2901 3038
2901 3049
2901 3051
2901 3070
2901 3082
2901 3101
2901 3106
2901 3110
2901 3113
2901 3116
2901 3120
2901 3140
2901 3150
2901 3154
2901 3167
2901 3173
2901 3198
2901 3201
2901 3206
2901 3214
2901 3224
2901 3252
2901 3256
2901 3267
2901 3275
2901 3277
2901 3288
2901 3291
2901 3299
2901 3321
2901 3330
2901 3342
2901 3344
2901 3345
2901 3347
2901 3351
2901 3355
2901 3360
2901 3378
2901 3380
2901 3397
2901 3406
2901 3411
2901 3418
2901 3431
2901 3434
2902 2930
2902 3131
2902 3180
2902 3181
2902 3251
2903 2999
2903 3258
2904 2914
2904 2946
2904 3009
2904 3016
2904 3017
2904 3027
2904 3035
2904 3046
2904 3049
2904 3082
2904 3088
2904 3089
2904 3109
2904 3116
2904 3132
2904 3144
2904 3146
2904 3148
2904 3150
2904 3152
2904 3154
2904 3188
2904 3198
2904 3201
2904 3206
2904 3211
2904 3212
2904 3214
2904 3215
2904 3247
2904 3253
2904 3267
2904 3272
2904 3280
2904 3291
2904 3298
2904 3306
2904 3319
2904 3321
2904 3330
2904 3341
2904 3342
2904 3345
2904 3353
2904 3360
2904 3378
2904 3406
2904 3411
2904 3434
2905 2906
2905 2909
2905 2910
2905 2912
2905 2913
2905 2915
2905 2919
2905 2927
2905 2946
2905 2956
2905 2966
2905 2985
2905 2986
2905 2988
2905 2993
2905 2994
2905 3014
2905 3022
2905 3026
2905 3033
2905 3047
2905 3052
2905 3064
2905 3078
2905 3084
2905 3090
2905 3098
2905 3104
2905 3108
2905 3117
2905 3119
2905 3142
2905 3184
2905 3195
2905 3226
2905 3228
2905 3232
2905 3301
2905 3304
2905 3324
2905 3339
2905 3348
2905 3362
2905 3363
2905 3384
2905 3387
2905 3426
2906 2908
2906 2909
2906 2910
2906 2911
2906 2913
2906 2915
2906 2916
2906 2920
2906 2925
2906 2927
2906 2928
2906 2929
2906 2940
2906 2944
2906 2946
2906 2956
2906 2960
2906 2966
2906 2974
2906 2977
2906 2985
2906 2986
2906 2994
2906 3000
2906 3004
2906 3022
2906 3025
2906 3026
2906 3029
2906 3033
2906 3040
2906 3047
2906 3054
2906 3056
2906 3065
2906 3078
2906 3096
2906 3098
2906 3104
2906 3108
2906 3117
2906 3119
2906 3142
2906 3149
2906 3174
2906 3184
2906 3195
2906 3220
2906 3226
2906 3284
2906 3293
2906 3301
2906 3303
2906 3324
2906 3339
2906 3362
2906 3363
2906 3387
2906 3417
2906 3426
2907 2920
2907 2928
2907 2929
2907 2940
2907 2943
2907 2944
2907 2945
2907 2974
2907 2988
2907 3000
2907 3025
2907 3056
2907 3073
2907 3135
2907 3158
2907 3220
2907 3293
2907 3363
2907 3417
2907 3433
2908 2909
2908 2911
2908 2920
2908 2927
2908 2960
2908 2986
2908 3004
2908 3022
2908 3040
2908 3096
2908 3108
2908 3220
2908 3284
2908 3426
2909 2910
2909 2911
2909 2912
2909 2913
2909 2915
2909 2916
2909 2919
2909 2920
2909 2925
2909 2927
2909 2940
2909 2943
2909 2953
2909 2960
2909 2967
2909 2969
2909 2986
2909 3000
2909 3004
2909 3022
2909 3026
2909 3033
2909 3042
2909 3047
2909 3052
2909 3054
2909 3064
2909 3078
2909 3090
2909 3104
2909 3142
2909 3184
2909 3213
2909 3226
2909 3232
2909 3250
2909 3303
2909 3324
2909 3339
2909 3348
2909 3362
2909 3363
2909 3384
2909 3390
2909 3399
2909 3426
2910 2911
2910 2913
2910 2916
2910 2919
2910 2920
2910 2925
2910 2927
2910 2928
2910 2940
2910 2943
2910 2944
2910 2945
2910 2956
2910 2960
2910 2966
2910 2969
2910 2974
2910 2985
2910 2986
2910 2988
2910 3000
2910 3033
2910 3054
2910 3056
2910 3064
2910 3065
2910 3073
2910 3078
2910 3090
2910 3108
2910 3114
2910 3117
2910 3119
2910 3174
2910 3195
2910 3220
2910 3226
2910 3232
2910 3250
2910 3284
2910 3345
2910 3348
2910 3363
2910 3364
2910 3417
2910 3426
2910 3433
2911 2912
2911 2913
2911 2916
2911 2919
2911 2920
2911 2925
2911 2940
2911 2956
2911 2960
2911 2966
2911 2974
2911 2985
2911 2986
2911 3004
2911 3022
2911 3033
2911 3040
2911 3047
2911 3054
2911 3064
2911 3065
2911 3078
2911 3090
2911 3096
2911 3098
2911 3108
2911 3149
2911 3195
2911 3202
2911 3226
2911 3228
2911 3232
2911 3250
2911 3284
2911 3339
2911 3348
2911 3363
2911 3387
2911 3399
2911 3426
2912 2913
2912 2919
2912 2927
2912 2940
2912 2953
2912 2956
2912 2966
2912 2985
2912 2986
2912 3004
2912 3014
2912 3022
2912 3026
2912 3033
2912 3047
2912 3064
2912 3078
2912 3090
2912 3098
2912 3142
2912 3226
2912 3232
2912 3250
2912 3324
2912 3339
2912 3348
2912 3363
2912 3384
2912 3399
2912 3417
2912 3426
2913 2915
2913 2916
2913 2919
2913 2925
2913 2927
2913 2946
2913 2948
2913 2953
2913 2956
2913 2966
2913 2969
2913 2985
2913 2986
2913 2993
2913 3026
2913 3033
2913 3042
2913 3047
2913 3054
2913 3064
2913 3078
2913 3090
2913 3096
2913 3098
2913 3104
2913 3119
2913 3142
2913 3149
2913 3174
2913 3184
2913 3195
2913 3224
2913 3226
2913 3232
2913 3250
2913 3303
2913 3324
2913 3339
2913 3348
2913 3363
2913 3384
2913 3387
2913 3417
2913 3426
2914 2951
2914 3013
2914 3038
2914 3072
2914 3101
2914 3117
2914 3132
2914 3136
2914 3140
2914 3150
2914 3154
2914 3179
2914 3188
2914 3194
2914 3203
2914 3209
2914 3214
2914 3253
2914 3256
2914 3276
2914 3279
2914 3302
2914 3320
2914 3321
2914 3342
2914 3360
2914 3361
2914 3380
2914 3397
2914 3409
2914 3411
2915 2919
2915 2924
2915 2927
2915 2928
2915 2929
2915 2931
2915 2943
2915 2953
2915 2956
2915 2966
2915 2967
2915 2977
2915 2988
2915 2994
2915 3000
2915 3004
2915 3010
2915 3014
2915 3026
2915 3029
2915 3033
2915 3042
2915 3047
2915 3052
2915 3054
2915 3064
2915 3073
2915 3078
2915 3084
2915 3090
2915 3092
2915 3096
2915 3104
2915 3114
2915 3117
2915 3137
2915 3158
2915 3163
2915 3174
2915 3195
2915 3213
2915 3226
2915 3232
2915 3243
2915 3293
2915 3294
2915 3303
2915 3304
2915 3324
2915 3362
2915 3363
2915 3364
2915 3384
2915 3390
2915 3394
2915 3417
2915 3433
2915 3435
2916 2917
2916 2919
2916 2920
2916 2925
2916 2928
2916 2943
2916 2944
2916 2945
2916 2946
2916 2960
2916 2966
2916 2969
2916 2974
2916 2985
2916 2986
2916 2987
2916 3022
2916 3033
2916 3040
2916 3047
2916 3054
2916 3056
2916 3064
2916 3065
2916 3078
2916 3085
2916 3090
2916 3096
2916 3098
2916 3108
2916 3117
2916 3129
2916 3142
2916 3149
2916 3174
2916 3195
2916 3226
2916 3228
2916 3232
2916 3250
2916 3284
2916 3304
2916 3339
2916 3348
2916 3363
2916 3387
2916 3399
2916 3417
2916 3426
2917 2944
2917 3065
2917 3108
2917 3129
2917 3195
2917 3301
2917 3339
2918 2932
2918 2955
2918 3032
2918 3087
2918 3167
2918 3173
2918 3187
2918 3196
2918 3236
2918 3255
2918 3256
2918 3264
2918 3369
2918 3385
2919 2920
2919 2925
2919 2927
2919 2928
2919 2940
2919 2943
2919 2944
2919 2953
2919 2960
2919 2969
2919 2985
2919 2986
2919 2988
2919 2993
2919 2997
2919 3004
2919 3014
2919 3033
2919 3054
2919 3056
2919 3073
2919 3078
2919 3084
2919 3085
2919 3104
2919 3108
2919 3142
2919 3149
2919 3184
2919 3232
2919 3284
2919 3304
2919 3348
2919 3363
2919 3417
2919 3426
2919 3430
2920 2924
2920 2927
2920 2928
2920 2940
2920 2943
2920 2944
2920 2960
2920 2969
2920 2974
2920 2986
2920 3004
2920 3033
2920 3054
2920 3064
2920 3073
2920 3078
2920 3085
2920 3098
2920 3108
2920 3117
2920 3124
2920 3184
2920 3213
2920 3220
2920 3226
2920 3232
2920 3284
2920 3304
2920 3324
2920 3348
2920 3363
2920 3417
2920 3426
2920 3433
2921 2942
2921 2951
2921 2955
2921 2984
2921 2989
2921 3002
2921 3009
2921 3017
2921 3018
2921 3034
2921 3075
2921 3107
2921 3198
2921 3204
2921 3214
2921 3221
2921 3249
2921 3256
2921 3259
2921 3263
2921 3299
2921 3342
2921 3345
2921 3346
2921 3353
2921 3360
2921 3397
2921 3406
2921 3411
2922 3028
2923 3005
2923 3020
2923 3046
2923 3265
2923 3285
2923 3292
2923 3296
2923 3411
2924 2925
2924 2928
2924 2929
2924 2931
2924 2945
2924 2956
2924 2960
2924 2986
2924 2988
2924 3000
2924 3025
2924 3085
2924 3090
2924 3098
2924 3184
2924 3220
2924 3293
2924 3304
2924 3364
2924 3384
2924 3433
2925 2928
2925 2931
2925 2940
2925 2943
2925 2944
2925 2946
2925 2956
2925 2960
2925 2961
2925 2966
2925 2969
2925 2986
2925 3000
2925 3022
2925 3033
2925 3036
2925 3040
2925 3054
2925 3056
2925 3064
2925 3065
2925 3085
2925 3096
2925 3098
2925 3108
2925 3117
2925 3129
2925 3174
2925 3184
2925 3195
2925 3226
2925 3228
2925 3250
2925 3284
2925 3304
2925 3324
2925 3348
2925 3363
2925 3387
2925 3399
2925 3426
2926 3256
2926 3338
2926 3365
2926 3376
2926 3401
2926 3402
2926 3425
2926 3427
2926 3429
2927 2928
2927 2940
2927 2943
2927 2944
2927 2945
2927 2946
2927 2956
2927 2960
2927 2966
2927 2974
2927 2981
2927 2985
2927 2986
2927 2988
2927 3000
2927 3004
2927 3022
2927 3026
2927 3029
2927 3033
2927 3036
2927 3040
2927 3044
2927 3047
2927 3052
2927 3054
2927 3056
2927 3065
2927 3073
2927 3078
2927 3085
2927 3090
2927 3096
2927 3108
2927 3117
2927 3119
2927 3184
2927 3220
2927 3232
2927 3234
2927 3238
2927 3284
2927 3324
2927 3339
2927 3348
2927 3363
2927 3387
2927 3400
2927 3417
2927 3426
2927 3430
2927 3433
2928 2929
2928 2940
2928 2943
2928 2944
2928 2945
2928 2946
2928 2956
2928 2960
2928 2966
2928 2974
2928 2977
2928 2985
2928 2986
2928 2988
2928 2993
2928 3000
2928 3010
2928 3026
2928 3029
2928 3033
2928 3054
2928 3056
2928 3073
2928 3078
2928 3080
2928 3084
2928 3090
2928 3096
2928 3104
2928 3117
2928 3119
2928 3174
2928 3195
2928 3220
2928 3243
2928 3257
2928 3293
2928 3363
2928 3364
2928 3384
2928 3387
2928 3388
2928 3390
2928 3394
2928 3399
2928 3400
2928 3414
2928 3417
2928 3426
2928 3433
2928 3435
2929 2931
2929 2944
2929 2945
2929 2956
2929 2993
2929 2994
2929 3000
2929 3014
2929 3026
2929 3029
2929 3047
2929 3084
2929 3090
2929 3104
2929 3119
2929 3174
2929 3220
2929 3232
2929 3324
2929 3362
2929 3364
2929 3384
2929 3417
2929 3433
2929 3435
2930 3131
2930 3180
2930 3181
2930 3251
2930 3372
2931 2944
2931 2960
2931 2977
2931 2986
2931 2994
2931 3026
2931 3029
2931 3042
2931 3054
2931 3056
2931 3073
2931 3078
2931 3085
2931 3090
2931 3098
2931 3119
2931 3129
2931 3137
2931 3184
2931 3238
2931 3257
2931 3324
2931 3362
2931 3364
2931 3384
2931 3394
2931 3399
2931 3426
2931 3433
2931 3435
2932 2938
2932 2955
2932 3016
2932 3087
2932 3107
2932 3111
2932 3136
2932 3187
2932 3189
2932 3196
2932 3198
2932 3219
2932 3236
2932 3253
2932 3255
2932 3256
2932 3264
2932 3299
2932 3330
2932 3337
2932 3358
2932 3369
2932 3385
2932 3395
2932 3404
2933 2935
2933 2949
2933 2983
2933 2997
2933 2999
2933 3012
2933 3020
2933 3028
2933 3063
2933 3066
2933 3072
2933 3363
2933 3368
2934 2962
2934 3001
2934 3002
2934 3075
2934 3077
2934 3171
2934 3186
2934 3244
2934 3246
2934 3275
2934 3295
2934 3370
2934 3385
2935 2949
2935 2983
2935 2997
2935 2999
2935 3012
2935 3020
2935 3063
2935 3066
2935 3072
2935 3274
2936 2937
2936 2965
2936 2973
2936 2989
2936 2992
2936 2998
2936 3015
2936 3027
2936 3035
2936 3038
2936 3051
2936 3060
2936 3082
2936 3101
2936 3106
2936 3113
2936 3145
2936 3152
2936 3154
2936 3160
2936 3170
2936 3172
2936 3198
2936 3224
2936 3260
2936 3261
2936 3267
2936 3272
2936 3288
2936 3291
2936 3298
2936 3302
2936 3320
2936 3330
2936 3332
2936 3344
2936 3347
2936 3355
2936 3373
2936 3378
2936 3386
2936 3396
2936 3397
2936 3403
2936 3434
2937 2973
2937 2991
2937 2992
2937 2995
2937 3011
2937 3035
2937 3051
2937 3060
2937 3076
2937 3079
2937 3082
2937 3101
2937 3115
2937 3116
2937 3145
2937 3152
2937 3170
2937 3172
2937 3179
2937 3182
2937 3201
2937 3206
2937 3224
2937 3247
2937 3252
2937 3258
2937 3262
2937 3267
2937 3280
2937 3291
2937 3298
2937 3320
2937 3332
2937 3350
2937 3353
2937 3378
2937 3396
2937 3397
2937 3406
2937 3422
2937 3434
2938 2955
2938 2964
2938 2965
2938 3062
2938 3087
2938 3118
2938 3182
2938 3253
2938 3289
2938 3331
2938 3341
2938 3343
2938 3369
2938 3396
2939 2970
2939 2973
2939 2992
2939 3021
2939 3027
2939 3035
2939 3049
2939 3051
2939 3070
2939 3082
2939 3094
2939 3101
2939 3102
2939 3113
2939 3116
2939 3120
2939 3132
2939 3146
2939 3148
2939 3150
2939 3152
2939 3169
2939 3179
2939 3185
2939 3201
2939 3206
2939 3239
2939 3247
2939 3252
2939 3265
2939 3267
2939 3277
2939 3280
2939 3291
2939 3297
2939 3302
2939 3316
2939 3330
2939 3335
2939 3344
2939 3347
2939 3351
2939 3373
2939 3381
2939 3391
2939 3397
2939 3416
2939 3434
2940 2943
2940 2944
2940 2960
2940 2966
2940 2974
2940 2981
2940 2985
2940 2986
2940 2988
2940 3054
2940 3056
2940 3064
2940 3078
2940 3096
2940 3108
2940 3117
2940 3174
2940 3195
2940 3220
2940 3232
2940 3238
2940 3293
2940 3348
2940 3363
2940 3399
2940 3417
2940 3426
2940 3433
2941 2955
2941 2999
2941 3068
2941 3263
2941 3361
2942 2989
2942 3136
2942 3233
2942 3304
2942 3404
2943 2944
2943 2945
2943 2960
2943 2966
2943 2969
2943 2974
2943 2986
2943 3000
2943 3022
2943 3023
2943 3029
2943 3054
2943 3056
2943 3065
2943 3073
2943 3078
2943 3085
2943 3096
2943 3108
2943 3135
2943 3213
2943 3220
2943 3226
2943 3228
2943 3232
2943 3243
2943 3284
2943 3286
2943 3293
2943 3301
2943 3348
2943 3363
2943 3417
2943 3426
2943 3433
2944 2945
2944 2953
2944 2956
2944 2960
2944 2966
2944 2969
2944 2974
2944 2978
2944 2981
2944 3000
2944 3004
2944 3022
2944 3023
2944 3025
2944 3026
2944 3056
2944 3064
2944 3065
2944 3073
2944 3078
2944 3084
2944 3085
2944 3090
2944 3098
2944 3104
2944 3108
2944 3129
2944 3135
2944 3142
2944 3149
2944 3153
2944 3158
2944 3195
2944 3213
2944 3220
2944 3226
2944 3232
2944 3243
2944 3257
2944 3284
2944 3301
2944 3303
2944 3324
2944 3339
2944 3348
2944 3362
2944 3363
2944 3387
2944 3394
2944 3417
2944 3426
2944 3433
2945 2956
2945 2960
2945 2974
2945 2977
2945 3000
2945 3023
2945 3026
2945 3029
2945 3056
2945 3073
2945 3090
2945 3098
2945 3135
2945 3158
2945 3163
2945 3213
2945 3220
2945 3243
2945 3257
2945 3293
2945 3363
2945 3417
2945 3433
2945 3435
2946 2952
2946 2956
2946 2957
2946 2961
2946 2969
2946 2986
2946 2996
2946 3000
2946 3033
2946 3054
2946 3065
2946 3085
2946 3097
2946 3104
2946 3117
2946 3119
2946 3124
2946 3149
2946 3173
2946 3174
2946 3211
2946 3215
2946 3228
2946 3263
2946 3294
2946 3302
2946 3304
2946 3335
2946 3363
2946 3380
2946 3387
2947 2951
2947 2962
2947 3001
2947 3019
2947 3062
2947 3100
2947 3154
2947 3162
2947 3168
2947 3177
2947 3233
2947 3273
2947 3331
2948 3023
2948 3052
2948 3065
2948 3184
2948 3193
2948 3234
2948 3301
2948 3315
2948 3324
2948 3363
2948 3414
2948 3436
2949 2983
2949 2997
2949 2999
2949 3012
2949 3020
2949 3028
2949 3063
2949 3066
2949 3083
2949 3126
2949 3128
2949 3155
2949 3310
2949 3322
2949 3336
2950 2976
2950 3035
2950 3060
2950 3070
2950 3075
2950 3076
2950 3087
2950 3101
2950 3107
2950 3113
2950 3115
2950 3116
2950 3144
2950 3150
2950 3152
2950 3172
2950 3182
2950 3185
2950 3189
2950 3191
2950 3198
2950 3219
2950 3246
2950 3256
2950 3258
2950 3259
2950 3261
2950 3272
2950 3280
2950 3320
2950 3321
2950 3331
2950 3335
2950 3351
2950 3357
2950 3360
2950 3395
2950 3411
2951 2955
2951 2984
2951 2989
2951 2990
2951 3001
2951 3002
2951 3007
2951 3016
2951 3017
2951 3018
2951 3019
2951 3020
2951 3034
2951 3038
2951 3051
2951 3075
2951 3077
2951 3082
2951 3086
2951 3087
2951 3097
2951 3100
2951 3103
2951 3106
2951 3107
2951 3118
2951 3120
2951 3150
2951 3154
2951 3159
2951 3162
2951 3168
2951 3171
2951 3176
2951 3191
2951 3196
2951 3198
2951 3203
2951 3207
2951 3214
2951 3219
2951 3224
2951 3233
2951 3240
2951 3241
2951 3252
2951 3253
2951 3259
2951 3263
2951 3264
2951 3274
2951 3285
2951 3291
2951 3295
2951 3299
2951 3313
2951 3321
2951 3330
2951 3342
2951 3344
2951 3345
2951 3346
2951 3353
2951 3359
2951 3360
2951 3366
2951 3379
2951 3391
2951 3397
2951 3404
2951 3406
2951 3410
2951 3411
2951 3412
2951 3415
2951 3421
2952 3045
2953 2969
2953 2988
2953 3000
2953 3014
2953 3026
2953 3052
2953 3073
2953 3084
2953 3090
2953 3104
2953 3119
2953 3238
2953 3362
2953 3364
2953 3384
2953 3417
2953 3435
2954 3190
2954 3215
2954 3221
2954 3248
2954 3279
2954 3327
2954 3383
2955 2999
2955 3018
2955 3032
2955 3067
2955 3087
2955 3136
2955 3187
2955 3196
2955 3219
2955 3221
2955 3236
2955 3253
2955 3255
2955 3256
2955 3264
2955 3289
2955 3327
2955 3337
2955 3342
2955 3346
2955 3369
2955 3385
2955 3395
2955 3397
2955 3402
2955 3403
2955 3404
2955 3419
2956 2960
2956 2966
2956 2969
2956 2977
2956 2981
2956 2985
2956 2986
2956 2987
2956 2988
2956 2993
2956 2994
2956 3000
2956 3014
2956 3022
2956 3026
2956 3029
2956 3040
2956 3047
2956 3078
2956 3084
2956 3090
2956 3104
2956 3114
2956 3117
2956 3119
2956 3123
2956 3166
2956 3174
2956 3184
2956 3195
2956 3220
2956 3232
2956 3238
2956 3243
2956 3293
2956 3324
2956 3339
2956 3362
2956 3363
2956 3364
2956 3384
2956 3387
2956 3400
2956 3417
2956 3426
2956 3433
2956 3435
2957 2964
2957 3011
2957 3061
2957 3081
2957 3196
2957 3254
2957 3263
2957 3308
2958 2976
2958 3001
2958 3009
2958 3011
2958 3019
2958 3048
2958 3076
2958 3079
2958 3100
2958 3111
2958 3124
2958 3160
2958 3178
2958 3179
2958 3182
2958 3261
2958 3262
2958 3276
2958 3279
2958 3280
2958 3288
2958 3295
2958 3302
2958 3313
2958 3327
2958 3331
2958 3350
2958 3353
2958 3377
2958 3386
2958 3396
2959 2972
2959 2982
2959 3008
2959 3283
2959 3309
2959 3314
2959 3318
2959 3325
2959 3382
2959 3423
2960 2966
2960 2969
2960 2974
2960 2985
2960 2986
2960 2988
2960 3000
2960 3004
2960 3014
2960 3022
2960 3033
2960 3040
2960 3047
2960 3056
2960 3064
2960 3065
2960 3073
2960 3078
2960 3096
2960 3104
2960 3108
2960 3117
2960 3119
2960 3129
2960 3149
2960 3153
2960 3158
2960 3174
2960 3184
2960 3226
2960 3228
2960 3232
2960 3250
2960 3284
2960 3324
2960 3348
2960 3363
2960 3364
2960 3387
2960 3399
2960 3414
2960 3417
2960 3426
2960 3433
2961 2967
2961 3098
2961 3227
2961 3286
2961 3294
2961 3303
2961 3304
2962 3001
2962 3077
2962 3091
2962 3244
2962 3273
2962 3295
2962 3302
2962 3373
2963 3036
2963 3042
2963 3084
2964 2979
2964 3001
2964 3038
2964 3051
2964 3057
2964 3062
2964 3157
2964 3289
2964 3326
2964 3331
2964 3374
2965 3005
2965 3051
2965 3060
2965 3107
2965 3148
2965 3162
2965 3242
2965 3274
2965 3280
2965 3298
2965 3328
2965 3378
2966 2985
2966 2986
2966 2987
2966 2993
2966 2994
2966 3000
2966 3014
2966 3022
2966 3026
2966 3033
2966 3040
2966 3047
2966 3052
2966 3054
2966 3056
2966 3065
2966 3078
2966 3084
2966 3085
2966 3090
2966 3096
2966 3098
2966 3104
2966 3108
2966 3117
2966 3119
2966 3142
2966 3149
2966 3158
2966 3163
2966 3166
2966 3174
2966 3195
2966 3226
2966 3232
2966 3237
2966 3238
2966 3250
2966 3257
2966 3284
2966 3301
2966 3303
2966 3339
2966 3348
2966 3362
2966 3363
2966 3387
2966 3390
2966 3399
2966 3417
2966 3426
2966 3435
2967 3004
2967 3023
2967 3054
2967 3092
2967 3213
2967 3234
2967 3303
2967 3324
2967 3363
2967 3426
2968 3011
2968 3020
2968 3077
2968 3097
2968 3161
2968 3258
2968 3343
2969 2974
2969 2986
2969 3000
2969 3033
2969 3036
2969 3054
2969 3056
2969 3065
2969 3078
2969 3085
2969 3096
2969 3098
2969 3104
2969 3108
2969 3117
2969 3184
2969 3195
2969 3220
2969 3284
2969 3301
2969 3304
2969 3324
2969 3339
2969 3348
2969 3362
2969 3364
2969 3387
2969 3426
2970 3021
2970 3035
2970 3049
2970 3070
2970 3082
2970 3101
2970 3102
2970 3106
2970 3115
2970 3116
2970 3120
2970 3132
2970 3146
2970 3150
2970 3169
2970 3179
2970 3185
2970 3201
2970 3206
2970 3239
2970 3247
2970 3252
2970 3265
2970 3280
2970 3297
2970 3316
2970 3330
2970 3332
2970 3344
2970 3351
2970 3391
2970 3411
2970 3416
2970 3419
2970 3434
2972 3008
2972 3283
2972 3309
2972 3311
2972 3314
2972 3318
2972 3325
2972 3382
2972 3423
2973 2976
2973 2989
2973 2992
2973 3021
2973 3035
2973 3038
2973 3041
2973 3046
2973 3049
2973 3051
2973 3060
2973 3070
2973 3082
2973 3089
2973 3101
2973 3106
2973 3115
2973 3116
2973 3120
2973 3132
2973 3146
2973 3152
2973 3154
2973 3160
2973 3169
2973 3201
2973 3206
2973 3212
2973 3223
2973 3239
2973 3240
2973 3247
2973 3252
2973 3280
2973 3291
2973 3299
2973 3319
2973 3320
2973 3321
2973 3330
2973 3332
2973 3344
2973 3345
2973 3347
2973 3351
2973 3355
2973 3360
2973 3386
2973 3391
2973 3396
2973 3397
2973 3406
2973 3422
2973 3434
2974 2986
2974 2994
2974 3023
2974 3054
2974 3056
2974 3073
2974 3078
2974 3096
2974 3108
2974 3149
2974 3158
2974 3174
2974 3213
2974 3220
2974 3284
2974 3339
2974 3362
2974 3363
2974 3387
2974 3399
2974 3417
2974 3426
2974 3433
2975 3105
2976 2989
2976 3017
2976 3060
2976 3076
2976 3089
2976 3111
2976 3118
2976 3160
2976 3172
2976 3182
2976 3185
2976 3258
2976 3261
2976 3272
2976 3280
2976 3287
2976 3289
2976 3291
2976 3298
2976 3320
2976 3344
2976 3360
2976 3378
2976 3386
2976 3403
2976 3434
2977 2993
2977 3000
2977 3014
2977 3029
2977 3084
2977 3104
2977 3119
2977 3129
2977 3166
2977 3238
2977 3243
2977 3257
2977 3293
2977 3384
2977 3435
2978 3010
2978 3045
2978 3059
2978 3080
2978 3090
2978 3104
2978 3130
2978 3139
2978 3231
2978 3300
2978 3303
2978 3392
2978 3426
2978 3430
2979 3081
2979 3101
2979 3201
2979 3297
2979 3340
2979 3409
2980 3267
2980 3270
2981 3025
2981 3036
2981 3042
2981 3073
2981 3114
2981 3119
2981 3123
2981 3130
2981 3137
2981 3158
2981 3232
2981 3363
2981 3400
2982 3008
2982 3283
2982 3309
2982 3314
2982 3318
2982 3325
2982 3382
2982 3423
2983 2997
2983 2999
2983 3012
2983 3020
2983 3028
2983 3063
2983 3066
2983 3072
2983 3083
2983 3128
2983 3155
2983 3368
2984 2992
2984 3027
2984 3107
2984 3118
2984 3191
2984 3192
2984 3206
2984 3223
2984 3263
2984 3274
2984 3291
2984 3316
2984 3353
2984 3377
2985 2986
2985 2993
2985 2994
2985 3022
2985 3033
2985 3040
2985 3047
2985 3052
2985 3054
2985 3064
2985 3078
2985 3108
2985 3142
2985 3149
2985 3174
2985 3226
2985 3232
2985 3284
2985 3301
2985 3339
2985 3348
2985 3363
2985 3387
2985 3399
2985 3426
2986 2988
2986 3000
2986 3004
2986 3014
2986 3022
2986 3029
2986 3033
2986 3036
2986 3047
2986 3054
2986 3056
2986 3064
2986 3065
2986 3073
2986 3078
2986 3085
2986 3096
2986 3098
2986 3108
2986 3114
2986 3149
