2986 3166
2986 3174
2986 3184
2986 3195
2986 3220
2986 3226
2986 3228
2986 3232
2986 3238
2986 3284
2986 3348
2986 3363
2986 3400
2986 3417
2986 3426
2986 3433
2987 2993
2987 3014
2987 3025
2987 3026
2987 3052
2987 3084
2987 3090
2987 3104
2987 3114
2987 3123
2987 3137
2987 3149
2987 3158
2987 3163
2987 3166
2987 3195
2987 3387
2988 2994
2988 3000
2988 3022
2988 3025
2988 3026
2988 3036
2988 3073
2988 3078
2988 3084
2988 3090
2988 3104
2988 3119
2988 3123
2988 3135
2988 3142
2988 3158
2988 3166
2988 3232
2988 3234
2988 3339
2988 3364
2988 3384
2988 3400
2988 3417
2988 3433
2989 2992
2989 3038
2989 3041
2989 3046
2989 3051
2989 3070
2989 3075
2989 3082
2989 3087
2989 3089
2989 3101
2989 3106
2989 3116
2989 3120
2989 3150
2989 3154
2989 3160
2989 3198
2989 3240
2989 3247
2989 3249
2989 3252
2989 3291
2989 3320
2989 3321
2989 3330
2989 3335
2989 3344
2989 3345
2989 3353
2989 3355
2989 3360
2989 3378
2989 3386
2989 3391
2989 3397
2989 3406
2989 3434
2990 3007
2990 3154
2990 3191
2990 3207
2990 3241
2990 3412
2991 2992
2991 3035
2991 3049
2991 3051
2991 3060
2991 3070
2991 3082
2991 3101
2991 3102
2991 3106
2991 3113
2991 3116
2991 3132
2991 3145
2991 3146
2991 3152
2991 3169
2991 3172
2991 3185
2991 3201
2991 3204
2991 3239
2991 3247
2991 3252
2991 3265
2991 3267
2991 3277
2991 3280
2991 3288
2991 3297
2991 3320
2991 3330
2991 3347
2991 3350
2991 3351
2991 3378
2991 3381
2991 3396
2991 3416
2991 3419
2991 3434
2992 3017
2992 3027
2992 3035
2992 3051
2992 3060
2992 3079
2992 3082
2992 3101
2992 3102
2992 3106
2992 3107
2992 3113
2992 3120
2992 3132
2992 3145
2992 3169
2992 3172
2992 3191
2992 3199
2992 3201
2992 3204
2992 3206
2992 3224
2992 3240
2992 3247
2992 3252
2992 3267
2992 3277
2992 3280
2992 3288
2992 3291
2992 3297
2992 3298
2992 3302
2992 3320
2992 3329
2992 3330
2992 3344
2992 3347
2992 3355
2992 3377
2992 3378
2992 3381
2992 3397
2992 3416
2992 3419
2992 3434
2993 2994
2993 3014
2993 3026
2993 3029
2993 3033
2993 3047
2993 3084
2993 3090
2993 3104
2993 3119
2993 3123
2993 3135
2993 3137
2993 3149
2993 3158
2993 3163
2993 3166
2993 3195
2993 3226
2993 3232
2993 3238
2993 3257
2993 3339
2993 3362
2993 3384
2993 3387
2993 3417
2993 3426
2993 3435
2994 3014
2994 3029
2994 3033
2994 3040
2994 3047
2994 3073
2994 3078
2994 3084
2994 3090
2994 3104
2994 3108
2994 3114
2994 3119
2994 3135
2994 3149
2994 3166
2994 3174
2994 3293
2994 3294
2994 3324
2994 3348
2994 3362
2994 3364
2994 3384
2994 3387
2994 3400
2994 3417
2994 3433
2995 3051
2995 3061
2995 3062
2995 3168
2995 3170
2995 3233
2995 3272
2995 3273
2995 3397
2996 3027
2996 3038
2996 3097
2996 3117
2996 3136
2996 3140
2996 3190
2996 3196
2996 3201
2996 3214
2996 3224
2996 3275
2996 3277
2996 3279
2996 3291
2996 3302
2996 3307
2996 3321
2996 3330
2996 3341
2996 3342
2996 3345
2996 3346
2996 3351
2996 3385
2996 3406
2996 3431
2997 3012
2997 3020
2997 3063
2997 3072
2997 3081
2997 3155
2997 3368
2998 3157
2999 3020
2999 3066
2999 3072
2999 3083
2999 3128
2999 3136
2999 3222
2999 3240
2999 3253
2999 3263
2999 3310
2999 3327
2999 3361
3000 3023
3000 3025
3000 3026
3000 3029
3000 3054
3000 3056
3000 3073
3000 3078
3000 3084
3000 3085
3000 3090
3000 3096
3000 3104
3000 3117
3000 3119
3000 3123
3000 3135
3000 3149
3000 3158
3000 3166
3000 3174
3000 3213
3000 3220
3000 3226
3000 3232
3000 3238
3000 3257
3000 3293
3000 3348
3000 3362
3000 3363
3000 3364
3000 3387
3000 3400
3000 3417
3000 3433
3000 3435
3001 3019
3001 3062
3001 3154
3001 3159
3001 3162
3001 3168
3001 3178
3001 3207
3001 3223
3001 3233
3001 3244
3001 3245
3001 3246
3001 3273
3001 3295
3001 3331
3001 3356
3001 3373
3002 3007
3002 3019
3002 3027
3002 3034
3002 3051
3002 3072
3002 3076
3002 3077
3002 3082
3002 3086
3002 3087
3002 3089
3002 3100
3002 3113
3002 3118
3002 3150
3002 3154
3002 3162
3002 3168
3002 3176
3002 3177
3002 3186
3002 3191
3002 3207
3002 3214
3002 3221
3002 3224
3002 3233
3002 3249
3002 3263
3002 3273
3002 3287
3002 3291
3002 3295
3002 3323
3002 3329
3002 3341
3002 3346
3002 3353
3002 3356
3002 3359
3002 3366
3002 3379
3002 3385
3002 3395
3002 3397
3002 3403
3002 3412
3002 3420
3004 3022
3004 3023
3004 3054
3004 3078
3004 3104
3004 3117
3004 3226
3004 3232
3004 3284
3004 3324
3004 3362
3004 3363
3004 3399
3004 3417
3004 3426
3005 3010
3005 3011
3005 3017
3005 3027
3005 3039
3005 3057
3005 3060
3005 3072
3005 3101
3005 3111
3005 3113
3005 3118
3005 3136
3005 3145
3005 3150
3005 3151
3005 3165
3005 3172
3005 3185
3005 3198
3005 3214
3005 3254
3005 3287
3005 3292
3005 3302
3005 3320
3005 3342
3005 3343
3005 3347
3005 3366
3005 3403
3005 3411
3007 3101
3007 3154
3007 3188
3007 3191
3007 3241
3007 3247
3007 3252
3007 3344
3007 3371
3007 3412
3007 3420
3007 3434
3008 3283
3008 3309
3008 3314
3008 3318
3008 3325
3008 3382
3008 3423
3009 3027
3009 3035
3009 3082
3009 3109
3009 3116
3009 3204
3009 3206
3009 3214
3009 3279
3009 3406
3010 3025
3010 3026
3010 3030
3010 3033
3010 3036
3010 3080
3010 3090
3010 3104
3010 3137
3010 3231
3010 3269
3010 3317
3010 3333
3010 3388
3010 3390
3010 3394
3011 3019
3011 3061
3011 3076
3011 3079
3011 3081
3011 3160
3011 3179
3011 3182
3011 3196
3011 3245
3011 3254
3011 3258
3011 3262
3011 3263
3011 3287
3011 3332
3011 3350
3011 3386
3011 3396
3011 3398
3011 3411
3012 3020
3012 3028
3012 3072
3012 3155
3013 3041
3013 3046
3013 3060
3013 3109
3013 3175
3013 3188
3013 3194
3013 3209
3013 3212
3013 3260
3013 3299
3013 3345
3013 3352
3013 3360
3013 3397
3014 3026
3014 3029
3014 3052
3014 3084
3014 3090
3014 3104
3014 3149
3014 3184
3014 3232
3014 3293
3014 3303
3014 3362
3014 3364
3014 3384
3014 3387
3014 3417
3015 3107
3015 3287
3015 3329
3015 3373
3016 3075
3016 3082
3016 3113
3016 3144
3016 3154
3016 3169
3016 3171
3016 3208
3016 3214
3016 3239
3016 3252
3016 3267
3016 3270
3016 3277
3016 3416
3016 3419
3017 3027
3017 3038
3017 3051
3017 3060
3017 3076
3017 3082
3017 3093
3017 3101
3017 3111
3017 3118
3017 3145
3017 3152
3017 3172
3017 3182
3017 3185
3017 3192
3017 3198
3017 3201
3017 3224
3017 3225
3017 3258
3017 3261
3017 3274
3017 3276
3017 3281
3017 3287
3017 3291
3017 3299
3017 3320
3017 3328
3017 3330
3017 3340
3017 3353
3017 3367
3017 3377
3017 3378
3017 3385
3017 3396
3017 3397
3017 3403
3017 3422
3017 3434
3018 3019
3018 3035
3018 3086
3018 3100
3018 3103
3018 3136
3018 3154
3018 3162
3018 3168
3018 3233
3018 3248
3018 3259
3018 3277
3018 3295
3018 3307
3018 3337
3018 3346
3018 3366
3018 3412
3018 3419
3019 3024
3019 3051
3019 3062
3019 3068
3019 3076
3019 3077
3019 3079
3019 3086
3019 3100
3019 3113
3019 3118
3019 3133
3019 3154
3019 3160
3019 3162
3019 3168
3019 3176
3019 3177
3019 3186
3019 3203
3019 3207
3019 3210
3019 3233
3019 3273
3019 3285
3019 3295
3019 3306
3019 3331
3019 3346
3019 3350
3019 3356
3019 3359
3019 3366
3019 3377
3019 3379
3019 3380
3019 3386
3019 3412
3019 3415
3020 3063
3020 3072
3020 3083
3020 3117
3020 3136
3020 3196
3020 3201
3020 3205
3020 3258
3020 3263
3020 3275
3020 3340
3020 3368
3020 3412
3021 3035
3021 3049
3021 3070
3021 3082
3021 3101
3021 3102
3021 3115
3021 3116
3021 3132
3021 3146
3021 3152
3021 3169
3021 3182
3021 3201
3021 3206
3021 3239
3021 3247
3021 3252
3021 3265
3021 3277
3021 3280
3021 3288
3021 3296
3021 3297
3021 3302
3021 3316
3021 3320
3021 3332
3021 3344
3021 3351
3021 3396
3021 3397
3021 3416
3021 3419
3021 3434
3022 3025
3022 3026
3022 3033
3022 3040
3022 3047
3022 3052
3022 3054
3022 3064
3022 3078
3022 3090
3022 3096
3022 3098
3022 3108
3022 3117
3022 3142
3022 3149
3022 3166
3022 3174
3022 3184
3022 3195
3022 3226
3022 3232
3022 3284
3022 3294
3022 3339
3022 3348
3022 3362
3022 3363
3022 3387
3022 3400
3022 3426
3022 3435
3023 3052
3023 3056
3023 3184
3023 3193
3023 3213
3023 3232
3023 3234
3023 3324
3023 3363
3023 3414
3024 3051
3024 3107
3024 3133
3024 3160
3024 3225
3024 3233
3024 3302
3024 3328
3024 3366
3024 3397
3025 3026
3025 3029
3025 3036
3025 3073
3025 3080
3025 3084
3025 3090
3025 3104
3025 3114
3025 3119
3025 3123
3025 3135
3025 3137
3025 3158
3025 3166
3025 3231
3025 3238
3025 3257
3025 3362
3025 3363
3025 3394
3025 3400
3025 3426
3025 3435
3026 3033
3026 3036
3026 3047
3026 3052
3026 3078
3026 3084
3026 3090
3026 3096
3026 3098
3026 3104
3026 3114
3026 3119
3026 3123
3026 3137
3026 3139
3026 3158
3026 3166
3026 3184
3026 3195
3026 3213
3026 3226
3026 3232
3026 3234
3026 3238
3026 3257
3026 3293
3026 3301
3026 3303
3026 3324
3026 3339
3026 3348
3026 3362
3026 3363
3026 3364
3026 3384
3026 3387
3026 3400
3026 3417
3026 3426
3026 3435
3027 3038
3027 3051
3027 3072
3027 3097
3027 3101
3027 3107
3027 3113
3027 3116
3027 3117
3027 3136
3027 3140
3027 3150
3027 3152
3027 3192
3027 3198
3027 3214
3027 3217
3027 3253
3027 3274
3027 3291
3027 3292
3027 3296
3027 3302
3027 3313
3027 3326
3027 3341
3027 3347
3027 3353
3027 3366
3027 3380
3027 3395
3027 3403
3028 3063
3028 3072
3028 3155
3028 3368
3029 3073
3029 3084
3029 3085
3029 3090
3029 3104
3029 3119
3029 3129
3029 3174
3029 3220
3029 3238
3029 3257
3029 3362
3029 3363
3029 3364
3029 3384
3029 3417
3029 3433
3029 3435
3030 3080
3030 3084
3030 3231
3030 3394
3032 3140
3032 3167
3032 3187
3032 3196
3032 3236
3032 3253
3032 3255
3032 3256
3032 3259
3032 3264
3032 3365
3032 3385
3032 3397
3033 3040
3033 3052
3033 3054
3033 3056
3033 3064
3033 3065
3033 3078
3033 3080
3033 3085
3033 3096
3033 3098
3033 3108
3033 3117
3033 3119
3033 3142
3033 3149
3033 3163
3033 3174
3033 3195
3033 3226
3033 3228
3033 3232
3033 3238
3033 3250
3033 3284
3033 3304
3033 3339
3033 3348
3033 3363
3033 3364
3033 3387
3033 3390
3033 3399
3033 3426
3033 3435
3034 3038
3034 3043
3034 3067
3034 3070
3034 3072
3034 3079
3034 3082
3034 3089
3034 3101
3034 3118
3034 3152
3034 3178
3034 3217
3034 3261
3034 3263
3034 3287
3034 3312
3034 3313
3034 3319
3034 3327
3034 3342
3034 3345
3034 3360
3034 3365
3034 3366
3034 3385
3034 3397
3034 3403
3034 3406
3035 3038
3035 3049
3035 3051
3035 3070
3035 3082
3035 3101
3035 3102
3035 3113
3035 3115
3035 3116
3035 3120
3035 3132
3035 3145
3035 3146
3035 3150
3035 3152
3035 3169
3035 3179
3035 3182
3035 3185
3035 3198
3035 3201
3035 3204
3035 3206
3035 3211
3035 3235
3035 3239
3035 3247
3035 3252
3035 3265
3035 3267
3035 3277
3035 3280
3035 3288
3035 3296
3035 3297
3035 3307
3035 3316
3035 3320
3035 3330
3035 3335
3035 3344
3035 3347
3035 3351
3035 3353
3035 3355
3035 3360
3035 3378
3035 3381
3035 3391
3035 3397
3035 3416
3035 3419
3035 3434
3036 3073
3036 3080
3036 3084
3036 3090
3036 3104
3036 3114
3036 3123
3036 3137
3036 3166
3036 3231
3036 3304
3036 3363
3036 3364
3036 3387
3036 3394
3036 3400
3038 3049
3038 3051
3038 3060
3038 3075
3038 3081
3038 3082
3038 3089
3038 3093
3038 3101
3038 3106
3038 3116
3038 3120
3038 3140
3038 3150
3038 3152
3038 3154
3038 3177
3038 3197
3038 3198
3038 3203
3038 3204
3038 3209
3038 3212
3038 3224
3038 3240
3038 3247
3038 3252
3038 3258
3038 3260
3038 3274
3038 3277
3038 3288
3038 3291
3038 3297
3038 3299
3038 3302
3038 3319
3038 3320
3038 3321
3038 3330
3038 3335
3038 3342
3038 3344
3038 3345
3038 3351
3038 3353
3038 3355
3038 3360
3038 3380
3038 3386
3038 3391
3038 3395
3038 3397
3038 3406
3038 3421
3038 3434
3039 3076
3039 3111
3039 3172
3039 3185
3039 3199
3039 3225
3039 3261
3039 3274
3039 3287
3039 3320
3039 3377
3039 3378
3039 3396
3039 3403
3039 3422
3040 3047
3040 3064
3040 3065
3040 3090
3040 3096
3040 3098
3040 3108
3040 3117
3040 3142
3040 3149
3040 3174
3040 3195
3040 3226
3040 3232
3040 3284
3040 3339
3040 3348
3040 3362
3040 3387
3040 3399
3040 3426
3041 3046
3041 3058
3041 3089
3041 3101
3041 3140
3041 3188
3041 3194
3041 3209
3041 3240
3041 3299
3041 3326
3041 3345
3041 3352
3041 3360
3042 3090
3042 3095
3042 3114
3042 3137
3042 3237
3042 3257
3042 3303
3042 3417
3042 3426
3042 3428
3043 3093
3043 3097
3043 3110
3043 3248
3043 3313
3043 3357
3043 3360
3043 3369
3044 3119
3044 3232
3045 3059
3045 3269
3045 3300
3046 3058
3046 3076
3046 3089
3046 3106
3046 3109
3046 3140
3046 3146
3046 3188
3046 3209
3046 3212
3046 3248
3046 3260
3046 3299
3046 3319
3046 3345
3046 3352
3046 3360
3046 3393
3046 3406
3046 3434
3047 3064
3047 3078
3047 3090
3047 3096
3047 3098
3047 3142
3047 3149
3047 3226
3047 3232
3047 3339
3047 3348
3047 3384
3047 3387
3047 3417
3047 3426
3048 3138
3048 3178
3048 3185
3048 3208
3048 3276
3048 3342
3048 3374
3048 3431
3049 3070
3049 3078
3049 3082
3049 3097
3049 3101
3049 3102
3049 3106
3049 3113
3049 3115
3049 3116
3049 3120
3049 3132
3049 3146
3049 3150
3049 3152
3049 3169
3049 3179
3049 3185
3049 3188
3049 3201
3049 3206
3049 3239
3049 3247
3049 3252
3049 3265
3049 3267
3049 3277
3049 3280
3049 3291
3049 3296
3049 3297
3049 3316
3049 3330
3049 3335
3049 3344
3049 3347
3049 3350
3049 3351
3049 3381
3049 3391
3049 3397
3049 3411
3049 3416
3049 3419
3049 3434
3050 3171
3050 3214
3050 3256
3050 3296
3050 3312
3050 3335
3051 3060
3051 3075
3051 3082
3051 3101
3051 3102
3051 3106
3051 3113
3051 3116
3051 3132
3051 3140
3051 3145
3051 3152
3051 3154
3051 3160
3051 3162
3051 3168
3051 3170
3051 3172
3051 3182
3051 3185
3051 3186
3051 3198
3051 3201
3051 3204
3051 3224
3051 3240
3051 3252
3051 3260
3051 3261
3051 3267
3051 3274
3051 3277
3051 3280
3051 3287
3051 3288
3051 3291
3051 3296
3051 3298
3051 3299
3051 3320
3051 3321
3051 3330
3051 3332
3051 3344
3051 3347
3051 3350
3051 3351
3051 3353
3051 3355
3051 3373
3051 3378
3051 3381
3051 3386
3051 3396
3051 3397
3051 3406
3051 3419
3051 3434
3052 3090
3052 3104
3052 3149
3052 3184
3052 3193
3052 3202
3052 3226
3052 3232
3052 3234
3052 3237
3052 3286
3052 3294
3052 3303
3052 3315
3052 3324
3052 3348
3052 3362
3052 3384
3052 3387
3052 3388
3053 3105
3053 3122
3053 3141
3053 3200
3053 3216
3053 3218
3053 3354
3054 3056
3054 3064
3054 3065
3054 3078
3054 3084
3054 3085
3054 3096
3054 3114
3054 3119
3054 3149
3054 3153
3054 3174
3054 3184
3054 3195
3054 3226
3054 3228
3054 3232
3054 3243
3054 3284
3054 3303
3054 3315
3054 3324
3054 3348
3054 3363
3054 3387
3054 3399
3054 3426
3054 3433
3055 3074
3055 3127
3055 3147
3056 3065
3056 3073
3056 3078
3056 3085
3056 3096
3056 3098
3056 3117
3056 3129
3056 3135
3056 3184
3056 3193
3056 3195
3056 3220
3056 3226
3056 3228
3056 3232
3056 3284
3056 3286
3056 3301
3056 3304
3056 3348
3056 3363
3056 3387
3056 3426
3056 3433
3057 3061
3057 3164
3057 3222
3057 3263
3057 3278
3057 3396
3057 3432
3058 3188
3058 3209
3058 3212
3058 3299
3058 3345
3058 3352
3058 3360
3059 3300
3060 3076
3060 3079
3060 3082
3060 3101
3060 3102
3060 3111
3060 3112
3060 3113
3060 3116
3060 3132
3060 3140
3060 3145
3060 3150
3060 3152
3060 3172
3060 3179
3060 3182
3060 3185
3060 3199
3060 3201
3060 3209
3060 3258
3060 3260
3060 3272
3060 3280
3060 3287
3060 3291
3060 3298
3060 3320
3060 3328
3060 3330
3060 3332
3060 3347
3060 3350
3060 3360
3060 3367
3060 3378
3060 3381
3060 3396
3060 3397
3060 3403
3060 3411
3061 3081
3061 3263
3061 3266
3061 3308
3061 3398
3061 3405
3062 3069
3062 3100
3062 3154
3062 3162
3062 3168
3062 3177
3062 3219
3062 3233
3062 3289
3062 3295
3062 3306
3062 3331
3062 3343
3062 3366
3062 3373
3062 3395
3063 3072
3063 3155
3063 3368
3064 3065
3064 3078
3064 3096
3064 3098
3064 3108
3064 3142
3064 3149
3064 3163
3064 3174
3064 3195
3064 3226
3064 3232
3064 3284
3064 3339
3064 3348
3064 3363
3064 3399
3064 3426
3065 3078
3065 3085
3065 3096
3065 3108
3065 3174
3065 3184
3065 3195
3065 3226
3065 3228
3065 3232
3065 3284
3065 3301
3065 3362
3065 3363
3065 3387
3065 3399
3065 3433
3066 3072
3066 3083
3066 3126
3066 3128
3066 3155
3066 3322
3066 3336
3067 3079
3067 3089
3067 3157
3067 3164
3067 3189
3067 3261
3067 3327
3068 3086
3068 3154
3068 3162
3068 3168
3068 3176
3068 3366
3068 3412
3068 3415
3069 3088
3069 3140
3069 3154
3069 3162
3069 3168
3069 3191
3069 3334
3069 3366
3069 3397
3070 3082
3070 3101
3070 3106
3070 3116
3070 3120
3070 3132
3070 3140
3070 3146
3070 3150
3070 3152
3070 3154
3070 3169
3070 3198
3070 3201
3070 3206
3070 3239
3070 3240
3070 3247
3070 3252
3070 3265
3070 3267
3070 3277
3070 3297
3070 3302
3070 3316
3070 3330
3070 3344
3070 3350
3070 3351
3070 3355
3070 3386
3070 3391
3070 3397
3070 3416
3070 3434
3072 3086
3072 3097
3072 3101
3072 3118
3072 3150
3072 3152
3072 3155
3072 3192
3072 3211
3072 3212
3072 3214
3072 3248
3072 3253
3072 3263
3072 3287
3072 3302
3072 3305
3072 3329
3072 3342
3072 3353
3072 3368
3072 3385
3072 3403
3073 3078
3073 3114
3073 3119
3073 3135
3073 3137
3073 3158
3073 3163
3073 3220
3073 3232
3073 3284
3073 3293
3073 3363
3073 3417
3073 3433
3074 3127
3074 3147
3075 3097
3075 3198
3075 3313
3075 3323
3075 3357
3075 3397
3076 3079
3076 3082
3076 3101
3076 3111
3076 3113
3076 3115
3076 3116
3076 3132
3076 3136
3076 3145
3076 3150
3076 3152
3076 3172
3076 3179
3076 3182
3076 3185
3076 3199
3076 3201
3076 3204
3076 3206
3076 3225
3076 3258
3076 3261
3076 3262
3076 3272
3076 3274
3076 3279
3076 3280
3076 3281
3076 3287
3076 3289
3076 3291
3076 3296
3076 3298
3076 3313
3076 3320
3076 3332
3076 3347
3076 3350
3076 3353
3076 3367
3076 3377
3076 3378
3076 3381
3076 3396
3076 3397
3076 3403
3076 3411
3076 3422
3076 3434
3077 3086
3077 3091
3077 3103
3077 3118
3077 3125
3077 3154
3077 3162
3077 3168
3077 3176
3077 3177
3077 3203
3077 3207
3077 3223
3077 3233
3077 3241
3077 3244
3077 3253
3077 3263
3077 3273
3077 3285
3077 3295
3077 3342
3077 3356
3077 3361
3077 3366
3077 3371
3077 3373
3077 3410
3077 3412
3077 3415
3077 3420
3078 3085
3078 3090
3078 3096
3078 3098
3078 3104
3078 3108
3078 3117
3078 3129
3078 3142
3078 3149
3078 3174
3078 3195
3078 3226
3078 3232
3078 3250
3078 3284
3078 3293
3078 3301
3078 3339
3078 3348
3078 3363
3078 3364
3078 3384
3078 3387
3078 3426
3078 3435
3079 3160
3079 3172
3079 3179
3079 3182
3079 3258
3079 3262
3079 3288
3079 3320
3079 3332
3079 3350
3079 3351
3079 3386
3079 3396
3079 3411
3079 3434
3080 3090
3080 3104
3080 3137
3080 3231
3080 3269
3080 3317
3080 3333
3080 3363
3080 3388
3080 3390
3080 3394
3080 3400
3081 3138
3081 3196
3081 3208
3081 3259
3081 3263
3081 3266
3081 3308
3081 3341
3081 3365
3081 3398
3081 3405
3082 3101
3082 3106
3082 3113
3082 3115
3082 3116
3082 3120
3082 3132
3082 3140
3082 3145
3082 3146
3082 3148
3082 3150
3082 3152
3082 3169
3082 3172
3082 3182
3082 3185
3082 3191
3082 3198
3082 3201
3082 3203
3082 3204
3082 3206
3082 3224
3082 3239
3082 3240
3082 3247
3082 3252
3082 3260
3082 3265
3082 3267
3082 3272
3082 3277
3082 3280
3082 3291
3082 3297
3082 3299
3082 3306
3082 3316
3082 3320
3082 3321
3082 3330
3082 3332
3082 3335
3082 3342
3082 3344
3082 3345
3082 3347
3082 3350
3082 3351
3082 3355
3082 3357
3082 3378
3082 3381
3082 3386
3082 3391
3082 3396
3082 3397
3082 3406
3082 3409
3082 3411
3082 3416
3082 3419
3082 3421
3082 3434
3083 3126
3083 3128
3083 3322
3084 3090
3084 3104
3084 3114
3084 3119
3084 3123
3084 3130
3084 3137
3084 3149
3084 3158
3084 3166
3084 3232
3084 3238
3084 3243
3084 3257
3084 3293
3084 3300
3084 3324
3084 3339
3084 3362
3084 3364
3084 3384
3084 3387
3084 3400
3084 3417
3084 3426
3084 3433
3084 3435
3085 3108
3085 3129
3085 3193
3085 3228
3085 3232
3085 3238
3085 3250
3085 3284
3085 3304
3085 3348
3085 3363
3086 3103
3086 3136
3086 3154
3086 3162
3086 3168
3086 3176
3086 3177
3086 3207
3086 3233
3086 3241
3086 3263
3086 3285
3086 3295
3086 3346
3086 3356
3086 3366
3086 3371
3086 3379
3086 3410
3086 3412
3086 3420
3087 3107
3087 3136
3087 3187
3087 3196
3087 3219
3087 3236
3087 3249
3087 3253
3087 3255
3087 3256
3087 3264
3087 3289
3087 3296
3087 3299
3087 3313
3087 3321
3087 3327
3087 3337
3087 3338
3087 3358
3087 3365
3087 3369
3087 3385
3087 3395
3087 3404
3087 3406
3087 3427
3088 3116
3088 3208
3088 3272
3088 3280
3088 3291
3088 3298
3089 3101
3089 3106
3089 3109
3089 3116
3089 3118
3089 3120
3089 3160
3089 3188
3089 3194
3089 3209
3089 3212
3089 3240
3089 3252
3089 3260
3089 3263
3089 3287
3089 3299
3089 3319
3089 3321
3089 3332
3089 3344
3089 3345
3089 3355
3089 3360
3089 3393
3089 3397
3089 3403
3089 3406
3090 3104
3090 3114
3090 3119
3090 3123
3090 3137
3090 3139
3090 3142
3090 3158
3090 3163
3090 3195
3090 3220
3090 3229
3090 3231
3090 3232
3090 3238
3090 3250
3090 3257
3090 3293
3090 3303
3090 3324
3090 3326
3090 3339
3090 3362
3090 3363
3090 3364
3090 3384
3090 3387
3090 3392
3090 3417
3090 3426
3090 3430
3090 3433
3090 3435
3092 3104
3092 3213
3092 3226
3092 3237
3092 3303
3092 3324
3092 3362
3093 3154
3093 3171
3093 3177
3093 3204
3093 3274
3093 3291
3093 3342
3093 3357
3093 3380
3094 3145
3094 3204
3094 3267
3095 3137
3095 3139
3095 3143
3095 3153
3095 3303
3095 3324
3095 3392
3095 3426
3096 3098
3096 3108
3096 3142
3096 3149
3096 3163
3096 3174
3096 3184
3096 3195
3096 3226
3096 3232
3096 3284
3096 3301
3096 3339
3096 3348
3096 3362
3096 3363
3096 3384
3096 3387
3096 3399
3096 3426
3097 3101
3097 3107
3097 3117
3097 3124
3097 3136
3097 3150
3097 3157
3097 3177
3097 3214
3097 3215
3097 3236
3097 3274
3097 3275
3097 3279
3097 3299
3097 3302
3097 3329
3097 3340
3097 3342
3097 3345
3097 3360
3098 3108
3098 3117
3098 3119
3098 3129
3098 3142
3098 3149
3098 3195
3098 3226
3098 3232
3098 3301
3098 3339
3098 3348
3098 3362
3098 3363
3098 3364
3098 3387
3099 3242
3099 3329
3099 3349
3099 3369
3100 3111
3100 3118
3100 3145
3100 3154
3100 3162
3100 3168
3100 3179
3100 3182
3100 3233
3100 3295
3100 3320
3100 3337
3100 3346
3100 3350
3100 3366
3101 3102
3101 3106
3101 3110
3101 3113
3101 3115
3101 3116
3101 3120
3101 3132
3101 3140
3101 3145
3101 3146
3101 3150
3101 3152
3101 3155
3101 3169
3101 3179
3101 3182
3101 3185
3101 3188
3101 3198
3101 3201
3101 3206
3101 3214
3101 3224
3101 3225
3101 3239
3101 3240
3101 3247
3101 3252
3101 3253
3101 3261
3101 3265
3101 3267
3101 3277
3101 3280
3101 3288
3101 3291
3101 3296
3101 3297
3101 3302
3101 3316
3101 3320
3101 3330
3101 3332
3101 3335
3101 3344
3101 3347
3101 3350
3101 3351
3101 3353
3101 3355
3101 3360
3101 3366
3101 3373
3101 3381
3101 3385
3101 3391
3101 3397
3101 3403
3101 3406
3101 3411
3101 3416
3101 3419
3101 3434
3102 3116
3102 3132
3102 3145
3102 3146
3102 3150
3102 3152
3102 3169
3102 3179
3102 3185
3102 3201
3102 3239
3102 3247
3102 3252
3102 3265
3102 3267
3102 3277
3102 3280
3102 3297
3102 3320
3102 3330
3102 3344
3102 3347
3102 3351
3102 3416
3102 3434
3103 3136
3103 3150
3103 3176
3103 3207
3103 3241
3103 3285
3103 3359
3103 3371
3103 3410
3103 3412
3103 3420
3104 3114
3104 3119
3104 3123
3104 3130
3104 3137
3104 3232
3104 3243
3104 3293
3104 3294
3104 3324
3104 3339
3104 3362
3104 3363
3104 3364
3104 3384
3104 3390
3104 3417
3104 3426
3104 3435
3105 3122
3105 3141
3105 3200
3105 3218
3105 3251
3105 3354
3106 3116
3106 3120
3106 3146
3106 3154
3106 3160
3106 3169
3106 3191
3106 3198
3106 3201
3106 3203
3106 3224
3106 3239
3106 3240
3106 3247
3106 3252
3106 3267
3106 3291
3106 3299
3106 3319
3106 3320
3106 3321
3106 3330
3106 3332
3106 3342
3106 3344
3106 3345
3106 3355
3106 3386
3106 3391
3106 3397
3106 3406
3106 3416
3106 3434
3107 3117
3107 3154
3107 3186
3107 3187
3107 3198
3107 3215
3107 3219
3107 3242
3107 3246
3107 3263
3107 3275
3107 3288
3107 3291
3107 3313
3107 3323
3107 3330
3107 3337
3107 3340
3107 3341
3107 3342
3107 3343
3107 3379
3107 3395
3107 3403
3107 3421
3108 3149
3108 3195
3108 3226
3108 3232
3108 3250
3108 3284
3108 3339
3108 3348
3108 3363
3108 3387
3108 3426
3109 3188
3109 3212
3109 3260
3109 3299
3109 3345
3109 3360
3109 3415
3110 3138
3110 3178
3110 3302
3110 3313
3110 3327
3110 3369
3110 3374
3110 3403
3110 3421
3111 3118
3111 3136
3111 3145
3111 3150
3111 3157
3111 3172
3111 3185
3111 3189
3111 3219
3111 3224
3111 3225
3111 3240
3111 3253
3111 3261
3111 3274
3111 3279
3111 3280
3111 3287
3111 3298
3111 3302
3111 3320
3111 3342
3111 3350
3111 3353
3111 3377
3111 3378
3111 3395
3111 3396
3111 3403
3111 3415
3111 3422
3111 3434
3112 3172
3112 3185
3112 3280
3112 3298
3112 3378
3112 3422
3113 3115
3113 3120
3113 3132
3113 3145
3113 3148
3113 3162
3113 3169
3113 3179
3113 3182
3113 3198
3113 3201
3113 3204
3113 3252
3113 3261
3113 3267
3113 3272
3113 3277
3113 3280
3113 3291
3113 3297
3113 3298
3113 3299
3113 3320
3113 3323
3113 3327
3113 3335
3113 3347
3113 3350
3113 3351
3113 3366
3113 3377
3113 3378
3113 3381
3113 3391
3113 3419
3113 3434
3114 3119
3114 3123
3114 3137
3114 3139
3114 3166
3114 3231
3114 3339
3114 3362
3114 3364
3114 3394
3114 3400
3114 3426
3114 3430
3114 3435
3115 3116
3115 3124
3115 3132
3115 3150
3115 3152
3115 3179
3115 3182
3115 3185
3115 3198
3115 3201
3115 3224
3115 3247
3115 3252
3115 3259
3115 3265
3115 3280
3115 3288
3115 3291
3115 3302
3115 3335
3115 3342
3115 3344
3115 3350
3115 3351
3115 3378
3115 3396
3115 3397
3115 3411
3115 3419
3115 3422
3115 3434
3116 3120
3116 3132
3116 3146
3116 3148
3116 3150
3116 3152
3116 3169
3116 3170
3116 3179
3116 3182
3116 3185
3116 3188
3116 3198
3116 3201
3116 3206
3116 3212
3116 3214
3116 3239
3116 3247
3116 3252
3116 3258
3116 3261
3116 3265
3116 3267
3116 3272
3116 3280
3116 3291
3116 3296
3116 3297
3116 3298
3116 3302
3116 3306
3116 3320
3116 3321
3116 3330
3116 3332
3116 3335
3116 3344
3116 3347
3116 3350
3116 3351
3116 3360
3116 3381
3116 3391
3116 3396
3116 3397
3116 3411
3116 3416
3116 3418
3116 3419
3116 3422
3116 3431
3116 3434
3117 3124
3117 3173
3117 3174
3117 3195
3117 3213
3117 3214
3117 3215
3117 3228
3117 3237
3117 3274
3117 3302
3117 3304
3117 3339
3117 3342
3117 3363
3117 3364
3117 3431
3118 3145
3118 3160
3118 3162
3118 3168
3118 3172
3118 3233
3118 3263
3118 3287
3118 3295
3118 3320
3118 3332
3118 3353
3118 3366
3118 3377
3118 3379
3118 3386
3118 3396
3118 3403
3118 3412
3119 3123
3119 3135
3119 3158
3119 3166
3119 3174
3119 3232
3119 3238
3119 3257
3119 3293
3119 3324
3119 3362
3119 3387
3119 3417
3119 3435
3120 3132
3120 3146
3120 3150
3120 3154
3120 3169
3120 3191
3120 3198
3120 3201
3120 3206
3120 3207
3120 3224
3120 3239
3120 3240
3120 3247
3120 3252
3120 3267
3120 3277
3120 3280
3120 3291
3120 3297
3120 3299
3120 3316
3120 3320
3120 3321
3120 3330
3120 3335
3120 3342
3120 3344
3120 3345
3120 3350
3120 3351
3120 3355
3120 3381
3120 3391
3120 3397
3120 3406
3120 3416
3120 3419
3120 3434
3122 3141
3122 3200
3122 3218
3122 3354
3123 3135
3123 3137
3123 3158
3123 3166
3123 3231
3123 3257
3123 3339
3123 3400
3123 3430
3124 3173
3124 3185
3124 3196
3124 3205
3124 3215
3124 3256
3124 3312
3124 3335
3124 3365
3124 3380
3124 3393
3124 3418
3124 3419
3126 3128
3126 3322
3126 3336
3127 3147
3128 3322
3128 3336
3129 3226
3129 3228
3129 3257
3129 3301
3129 3324
3129 3348
3129 3363
3129 3426
3129 3435
3129 3436
3130 3300
3131 3180
3131 3181
3131 3251
3131 3372
3132 3145
3132 3146
3132 3150
3132 3152
3132 3154
3132 3169
3132 3179
3132 3185
3132 3188
3132 3201
3132 3206
3132 3212
3132 3239
3132 3247
3132 3252
3132 3253
3132 3260
3132 3265
3132 3267
3132 3277
3132 3280
3132 3288
3132 3291
3132 3296
3132 3297
3132 3316
3132 3320
3132 3321
3132 3330
3132 3332
3132 3335
3132 3344
3132 3347
3132 3350
3132 3351
3132 3355
3132 3381
3132 3391
3132 3396
3132 3397
3132 3411
3132 3416
3132 3419
3132 3434
3133 3233
3133 3273
3133 3366
3135 3158
3135 3166
3135 3220
3135 3293
3135 3363
3135 3417
3135 3433
3136 3171
3136 3187
3136 3189
3136 3196
3136 3198
3136 3214
3136 3219
3136 3233
3136 3253
3136 3256
3136 3259
3136 3264
3136 3279
3136 3282
3136 3327
3136 3330
3136 3331
3136 3335
3136 3337
3136 3340
3136 3341
3136 3365
3136 3369
3136 3379
3136 3385
3136 3395
3136 3409
3136 3419
3137 3139
3137 3149
3137 3158
3137 3166
3137 3228
3137 3229
3137 3231
3137 3232
3137 3257
3137 3348
3137 3387
3137 3392
3137 3394
3137 3400
3137 3426
3137 3430
3138 3152
3138 3178
3138 3208
3138 3211
3138 3279
3138 3307
3138 3374
3139 3153
3139 3229
3139 3231
3139 3300
3139 3392
3139 3426
3139 3428
3139 3430
3140 3145
3140 3154
3140 3161
3140 3177
3140 3179
3140 3182
3140 3194
3140 3203
3140 3214
3140 3219
3140 3225
3140 3240
3140 3255
3140 3275
3140 3277
3140 3291
3140 3302
3140 3313
3140 3320
3140 3321
3140 3331
3140 3335
3140 3341
3140 3342
3140 3345
3140 3353
3140 3360
3140 3378
3140 3379
3140 3380
3140 3386
3140 3393
3140 3397
3140 3406
3141 3200
3141 3216
3141 3218
3141 3271
3141 3354
3142 3163
3142 3174
3142 3195
3142 3213
3142 3226
3142 3232
3142 3250
3142 3284
3142 3324
3142 3339
3142 3363
3142 3387
3142 3426
3143 3153
3144 3162
3144 3214
3144 3235
3144 3255
3144 3328
3144 3346
3144 3360
3144 3431
3145 3169
3145 3172
3145 3182
3145 3185
3145 3199
3145 3201
3145 3204
3145 3206
3145 3255
3145 3260
3145 3261
3145 3267
3145 3274
3145 3277
3145 3280
3145 3287
3145 3291
3145 3297
3145 3320
3145 3330
3145 3332
3145 3347
3145 3350
3145 3351
3145 3377
3145 3378
3145 3381
3145 3385
3145 3386
3145 3396
3145 3403
3145 3419
3145 3422
3146 3152
3146 3169
3146 3198
3146 3201
3146 3206
3146 3239
3146 3247
3146 3252
3146 3265
3146 3267
3146 3277
3146 3288
3146 3291
3146 3297
3146 3302
3146 3316
3146 3330
3146 3335
3146 3344
3146 3347
3146 3351
3146 3381
3146 3383
3146 3397
3146 3416
3146 3419
3146 3434
3148 3215
3148 3242
3148 3254
3148 3272
3148 3280
3148 3298
3148 3306
3148 3327
3148 3331
3148 3360
3148 3378
3148 3381
3148 3403
3148 3411
3148 3422
3148 3434
3149 3163
3149 3174
3149 3193
3149 3195
3149 3226
3149 3232
3149 3237
3149 3284
3149 3301
3149 3339
3149 3348
3149 3387
3149 3426
3149 3435
3150 3151
3150 3152
3150 3154
3150 3169
3150 3179
3150 3185
3150 3188
3150 3198
3150 3201
3150 3223
3150 3247
3150 3252
3150 3253
3150 3265
3150 3267
3150 3272
3150 3277
3150 3280
3150 3291
3150 3296
3150 3297
3150 3302
3150 3329
3150 3330
3150 3332
3150 3335
3150 3342
3150 3344
3150 3347
3150 3350
3150 3351
3150 3360
3150 3381
3150 3397
3150 3406
3150 3409
3150 3411
3150 3419
3151 3214
3151 3312
3151 3326
3151 3327
3151 3406
3151 3409
3151 3431
3152 3169
3152 3172
3152 3182
3152 3185
3152 3188
3152 3192
3152 3198
3152 3201
3152 3204
3152 3235
3152 3239
3152 3247
3152 3252
3152 3258
3152 3265
3152 3274
3152 3280
3152 3288
3152 3291
3152 3296
3152 3297
3152 3313
3152 3320
3152 3329
3152 3330
3152 3332
3152 3335
3152 3347
3152 3350
3152 3351
3152 3353
3152 3373
3152 3378
3152 3396
3152 3397
3152 3411
3152 3419
3152 3434
3153 3229
3153 3392
3153 3428
3154 3160
3154 3162
3154 3168
3154 3177
3154 3179
3154 3188
3154 3191
3154 3207
3154 3223
3154 3233
3154 3240
3154 3252
3154 3253
3154 3256
3154 3277
3154 3288
3154 3291
3154 3295
3154 3321
3154 3334
3154 3344
3154 3346
3154 3355
3154 3366
