3154 3370
3154 3371
3154 3379
3154 3380
3154 3386
3154 3391
3154 3397
3154 3411
3154 3412
3154 3415
3154 3434
3155 3368
3156 3187
3156 3255
3156 3256
3156 3264
3156 3365
3156 3369
3156 3385
3157 3320
3157 3327
3157 3328
3157 3342
3157 3350
3157 3431
3158 3163
3158 3166
3158 3195
3158 3220
3158 3232
3158 3238
3158 3293
3158 3348
3158 3363
3158 3417
3158 3433
3159 3168
3159 3295
3159 3405
3160 3186
3160 3240
3160 3298
3160 3344
3160 3350
3160 3355
3160 3360
3160 3386
3160 3397
3161 3176
3161 3225
3161 3245
3162 3168
3162 3176
3162 3177
3162 3191
3162 3203
3162 3207
3162 3233
3162 3255
3162 3273
3162 3285
3162 3295
3162 3302
3162 3306
3162 3331
3162 3334
3162 3346
3162 3356
3162 3359
3162 3366
3162 3379
3162 3412
3162 3415
3163 3166
3163 3195
3163 3226
3163 3387
3163 3435
3164 3263
3165 3343
3166 3174
3166 3232
3166 3238
3166 3339
3166 3400
3167 3177
3167 3210
3167 3236
3167 3255
3167 3256
3167 3365
3167 3369
3167 3385
3168 3176
3168 3177
3168 3179
3168 3191
3168 3207
3168 3233
3168 3273
3168 3295
3168 3331
3168 3346
3168 3366
3168 3379
3168 3405
3168 3412
3168 3415
3169 3179
3169 3198
3169 3201
3169 3239
3169 3247
3169 3252
3169 3265
3169 3267
3169 3277
3169 3280
3169 3291
3169 3297
3169 3316
3169 3330
3169 3335
3169 3344
3169 3351
3169 3381
3169 3385
3169 3391
3169 3397
3169 3416
3169 3419
3169 3434
3170 3172
3170 3185
3170 3211
3170 3280
3170 3291
3170 3298
3170 3320
3170 3332
3170 3347
3170 3350
3170 3377
3170 3378
3170 3396
3170 3434
3171 3208
3171 3214
3171 3312
3171 3404
3171 3431
3172 3179
3172 3182
3172 3185
3172 3198
3172 3199
3172 3201
3172 3204
3172 3225
3172 3258
3172 3261
3172 3272
3172 3274
3172 3280
3172 3287
3172 3291
3172 3296
3172 3298
3172 3313
3172 3320
3172 3332
3172 3347
3172 3350
3172 3351
3172 3353
3172 3377
3172 3378
3172 3381
3172 3396
3172 3403
3172 3411
3172 3422
3172 3434
3173 3210
3173 3221
3173 3335
3173 3381
3173 3418
3173 3431
3174 3184
3174 3195
3174 3226
3174 3232
3174 3284
3174 3304
3174 3339
3174 3348
3174 3362
3174 3363
3174 3387
3174 3399
3174 3426
3175 3188
3175 3194
3176 3207
3176 3223
3176 3225
3176 3233
3176 3241
3176 3285
3176 3295
3176 3356
3176 3366
3176 3412
3176 3420
3177 3186
3177 3203
3177 3204
3177 3207
3177 3233
3177 3241
3177 3273
3177 3285
3177 3291
3177 3295
3177 3366
3177 3380
3177 3412
3177 3415
3177 3420
3178 3208
3178 3211
3178 3295
3178 3307
3178 3357
3178 3374
3178 3403
3178 3415
3179 3182
3179 3185
3179 3188
3179 3201
3179 3205
3179 3247
3179 3253
3179 3258
3179 3261
3179 3262
3179 3265
3179 3280
3179 3296
3179 3297
3179 3298
3179 3332
3179 3350
3179 3351
3179 3396
3179 3397
3179 3411
3179 3434
3180 3181
3180 3251
3180 3372
3181 3251
3181 3372
3182 3185
3182 3198
3182 3204
3182 3225
3182 3258
3182 3261
3182 3262
3182 3272
3182 3274
3182 3280
3182 3288
3182 3291
3182 3297
3182 3298
3182 3320
3182 3332
3182 3350
3182 3351
3182 3353
3182 3378
3182 3386
3182 3396
3182 3397
3182 3411
3182 3434
3184 3193
3184 3213
3184 3226
3184 3234
3184 3286
3184 3294
3184 3303
3184 3315
3184 3324
3184 3363
3184 3387
3184 3390
3184 3414
3184 3417
3185 3198
3185 3201
3185 3225
3185 3261
3185 3267
3185 3272
3185 3274
3185 3277
3185 3278
3185 3280
3185 3287
3185 3297
3185 3320
3185 3335
3185 3342
3185 3347
3185 3350
3185 3351
3185 3360
3185 3377
3185 3378
3185 3385
3185 3396
3185 3403
3185 3409
3185 3411
3185 3419
3185 3422
3185 3434
3186 3191
3186 3233
3186 3246
3186 3295
3186 3320
3186 3350
3186 3386
3187 3196
3187 3240
3187 3249
3187 3253
3187 3255
3187 3256
3187 3264
3187 3337
3187 3365
3187 3369
3187 3385
3187 3402
3187 3404
3187 3408
3187 3425
3188 3194
3188 3201
3188 3206
3188 3209
3188 3212
3188 3247
3188 3252
3188 3253
3188 3260
3188 3265
3188 3277
3188 3280
3188 3299
3188 3306
3188 3320
3188 3345
3188 3352
3188 3360
3188 3411
3188 3434
3189 3198
3189 3219
3189 3259
3189 3331
3189 3369
3189 3395
3189 3406
3189 3415
3190 3221
3190 3248
3190 3275
3190 3327
3190 3341
3190 3383
3191 3203
3191 3223
3191 3233
3191 3240
3191 3258
3191 3291
3191 3313
3191 3320
3191 3344
3191 3355
3191 3359
3191 3366
3191 3379
3191 3393
3191 3412
3191 3434
3192 3198
3192 3274
3192 3353
3192 3385
3192 3422
3193 3234
3193 3294
3193 3301
3193 3315
3193 3324
3193 3414
3194 3209
3194 3212
3194 3260
3194 3320
3194 3360
3194 3397
3195 3226
3195 3232
3195 3250
3195 3284
3195 3301
3195 3348
3195 3363
3195 3387
3195 3399
3195 3426
3195 3436
3196 3221
3196 3236
3196 3253
3196 3255
3196 3256
3196 3264
3196 3289
3196 3327
3196 3330
3196 3365
3196 3369
3196 3385
3196 3402
3196 3403
3196 3418
3197 3216
3197 3224
3197 3299
3197 3321
3197 3342
3197 3345
3198 3199
3198 3201
3198 3204
3198 3219
3198 3252
3198 3253
3198 3255
3198 3259
3198 3291
3198 3321
3198 3330
3198 3331
3198 3337
3198 3342
3198 3345
3198 3347
3198 3351
3198 3353
3198 3379
3198 3385
3198 3393
3198 3395
3198 3397
3198 3411
3198 3419
3198 3422
3198 3434
3199 3259
3199 3280
3199 3320
3199 3330
3199 3331
3199 3337
3199 3358
3199 3378
3199 3434
3200 3216
3200 3218
3200 3354
3201 3204
3201 3206
3201 3239
3201 3247
3201 3252
3201 3261
3201 3265
3201 3267
3201 3272
3201 3277
3201 3280
3201 3291
3201 3296
3201 3297
3201 3316
3201 3320
3201 3330
3201 3344
3201 3347
3201 3350
3201 3351
3201 3355
3201 3360
3201 3378
3201 3381
3201 3391
3201 3397
3201 3406
3201 3411
3201 3416
3201 3419
3201 3434
3202 3232
3202 3324
3203 3208
3203 3210
3203 3224
3203 3233
3203 3240
3203 3275
3203 3291
3203 3299
3203 3313
3203 3321
3203 3342
3203 3345
3203 3366
3203 3395
3203 3406
3203 3421
3204 3267
3204 3277
3204 3280
3204 3291
3204 3296
3204 3297
3204 3302
3204 3320
3204 3321
3204 3342
3204 3347
3204 3351
3204 3360
3204 3378
3204 3419
3204 3434
3205 3242
3205 3245
3205 3263
3205 3276
3205 3278
3205 3343
3205 3369
3206 3239
3206 3240
3206 3247
3206 3252
3206 3280
3206 3291
3206 3316
3206 3320
3206 3344
3206 3347
3206 3351
3206 3355
3206 3391
3206 3397
3206 3416
3206 3434
3207 3223
3207 3233
3207 3241
3207 3252
3207 3273
3207 3285
3207 3295
3207 3350
3207 3356
3207 3359
3207 3366
3207 3371
3207 3410
3207 3412
3207 3420
3208 3214
3208 3411
3208 3431
3209 3212
3209 3260
3209 3299
3209 3320
3209 3345
3209 3360
3210 3233
3210 3302
3210 3313
3210 3346
3210 3366
3210 3411
3210 3415
3211 3215
3211 3329
3211 3330
3211 3346
3211 3374
3211 3431
3212 3240
3212 3299
3212 3321
3212 3335
3212 3345
3212 3355
3212 3360
3212 3406
3212 3434
3213 3220
3213 3234
3213 3303
3213 3324
3213 3363
3213 3394
3213 3417
3214 3219
3214 3221
3214 3248
3214 3249
3214 3253
3214 3276
3214 3279
3214 3296
3214 3312
3214 3326
3214 3327
3214 3337
3214 3342
3214 3365
3214 3379
3214 3383
3214 3419
3215 3224
3215 3239
3215 3272
3215 3274
3215 3280
3215 3302
3215 3307
3215 3335
3217 3302
3218 3354
3219 3255
3219 3256
3219 3259
3219 3330
3219 3331
3219 3337
3219 3340
3219 3341
3219 3342
3219 3365
3219 3369
3219 3379
3219 3385
3219 3395
3219 3404
3219 3409
3219 3415
3220 3232
3220 3293
3220 3324
3220 3362
3220 3363
3220 3417
3220 3433
3221 3248
3221 3249
3221 3275
3221 3327
3221 3346
3221 3383
3221 3389
3222 3245
3222 3263
3222 3278
3222 3340
3223 3241
3223 3244
3223 3285
3223 3342
3223 3366
3223 3371
3223 3406
3223 3410
3223 3412
3223 3420
3224 3239
3224 3240
3224 3252
3224 3260
3224 3267
3224 3291
3224 3299
3224 3313
3224 3321
3224 3330
3224 3342
3224 3344
3224 3345
3224 3351
3224 3353
3224 3355
3224 3360
3224 3386
3224 3391
3224 3397
3224 3406
3224 3421
3224 3434
3225 3261
3225 3274
3225 3281
3225 3287
3225 3288
3225 3320
3225 3328
3225 3386
3225 3396
3225 3403
3225 3422
3226 3232
3226 3284
3226 3339
3226 3348
3226 3363
3226 3387
3226 3390
3226 3399
3226 3417
3226 3426
3226 3433
3227 3269
3227 3324
3228 3293
3228 3324
3228 3348
3228 3363
3228 3426
3229 3231
3229 3300
3229 3392
3231 3269
3231 3317
3231 3392
3231 3394
3231 3400
3232 3234
3232 3237
3232 3257
3232 3284
3232 3301
3232 3324
3232 3339
3232 3348
3232 3363
3232 3387
3232 3400
3232 3417
3232 3426
3233 3240
3233 3244
3233 3273
3233 3285
3233 3295
3233 3302
3233 3335
3233 3346
3233 3356
3233 3359
3233 3366
3233 3370
3233 3379
3233 3412
3233 3415
3234 3237
3234 3286
3234 3294
3234 3315
3234 3324
3234 3362
3234 3390
3234 3400
3235 3280
3235 3288
3235 3397
3236 3253
3236 3256
3236 3264
3236 3359
3236 3369
3236 3385
3237 3284
3237 3286
3237 3303
3237 3315
3237 3324
3237 3390
3237 3426
3238 3257
3238 3293
3238 3348
3238 3387
3238 3433
3238 3435
3239 3240
3239 3247
3239 3252
3239 3265
3239 3267
3239 3277
3239 3291
3239 3297
3239 3316
3239 3320
3239 3321
3239 3330
3239 3344
3239 3345
3239 3347
3239 3351
3239 3355
3239 3381
3239 3391
3239 3397
3239 3406
3239 3416
3239 3419
3239 3434
3240 3247
3240 3252
3240 3276
3240 3291
3240 3299
3240 3316
3240 3319
3240 3320
3240 3321
3240 3330
3240 3332
3240 3335
3240 3341
3240 3342
3240 3344
3240 3345
3240 3355
3240 3386
3240 3391
3240 3397
3240 3406
3240 3416
3240 3421
3240 3434
3241 3285
3241 3371
3241 3410
3241 3412
3241 3420
3242 3274
3242 3329
3242 3411
3243 3293
3243 3363
3243 3384
3243 3417
3243 3433
3243 3435
3244 3246
3245 3263
3245 3278
3245 3403
3246 3275
3246 3295
3246 3321
3247 3252
3247 3265
3247 3277
3247 3280
3247 3291
3247 3296
3247 3297
3247 3316
3247 3330
3247 3335
3247 3344
3247 3347
3247 3351
3247 3355
3247 3381
3247 3391
3247 3397
3247 3416
3247 3419
3247 3434
3248 3274
3248 3313
3248 3327
3248 3360
3248 3383
3248 3389
3248 3395
3248 3424
3248 3431
3249 3346
3249 3421
3250 3363
3250 3387
3251 3372
3252 3265
3252 3267
3252 3277
3252 3280
3252 3291
3252 3297
3252 3299
3252 3316
3252 3320
3252 3321
3252 3330
3252 3335
3252 3342
3252 3344
3252 3345
3252 3347
3252 3351
3252 3355
3252 3381
3252 3385
3252 3391
3252 3397
3252 3406
3252 3411
3252 3416
3252 3419
3252 3434
3253 3255
3253 3256
3253 3264
3253 3289
3253 3327
3253 3345
3253 3369
3253 3385
3253 3404
3253 3411
3253 3431
3254 3272
3254 3280
3254 3343
3254 3409
3254 3411
3255 3256
3255 3264
3255 3369
3255 3385
3256 3263
3256 3264
3256 3274
3256 3312
3256 3338
3256 3358
3256 3365
3256 3369
3256 3376
3256 3385
3256 3393
3256 3397
3256 3401
3256 3402
3256 3418
3256 3425
3256 3427
3256 3429
3257 3293
3257 3362
3257 3364
3257 3387
3257 3426
3257 3433
3257 3435
3258 3262
3258 3274
3258 3291
3258 3299
3258 3320
3258 3332
3258 3342
3258 3350
3258 3360
3258 3396
3258 3411
3258 3434
3259 3263
3259 3276
3259 3330
3259 3337
3259 3365
3259 3369
3259 3380
3259 3395
3259 3404
3260 3287
3260 3288
3260 3292
3260 3298
3260 3299
3260 3345
3260 3360
3260 3386
3260 3406
3261 3262
3261 3274
3261 3280
3261 3287
3261 3291
3261 3298
3261 3320
3261 3332
3261 3335
3261 3350
3261 3377
3261 3378
3261 3396
3261 3397
3261 3403
3261 3422
3261 3434
3262 3287
3262 3332
3262 3350
3262 3396
3262 3411
3263 3266
3263 3278
3263 3279
3263 3287
3263 3308
3263 3398
3263 3403
3263 3405
3263 3406
3264 3337
3264 3358
3264 3365
3264 3369
3264 3385
3264 3402
3264 3404
3265 3267
3265 3277
3265 3280
3265 3297
3265 3316
3265 3351
3265 3397
3265 3416
3265 3419
3266 3308
3266 3398
3266 3405
3267 3270
3267 3277
3267 3280
3267 3291
3267 3297
3267 3299
3267 3316
3267 3320
3267 3330
3267 3335
3267 3344
3267 3347
3267 3351
3267 3365
3267 3378
3267 3381
3267 3397
3267 3416
3267 3419
3268 3407
3269 3400
3272 3274
3272 3280
3272 3291
3272 3306
3272 3320
3272 3328
3272 3347
3272 3350
3272 3351
3272 3360
3272 3378
3272 3381
3272 3422
3273 3295
3273 3346
3273 3366
3273 3373
3273 3412
3274 3281
3274 3287
3274 3291
3274 3302
3274 3313
3274 3320
3274 3350
3274 3353
3274 3360
3274 3367
3274 3375
3274 3377
3274 3396
3274 3397
3274 3422
3275 3291
3275 3292
3275 3318
3275 3327
3275 3359
3275 3385
3276 3299
3276 3340
3276 3343
3276 3353
3277 3280
3277 3291
3277 3297
3277 3316
3277 3320
3277 3321
3277 3330
3277 3344
3277 3351
3277 3378
3277 3381
3277 3391
3277 3397
3277 3416
3277 3419
3277 3434
3278 3335
3278 3361
3279 3305
3279 3326
3279 3353
3279 3374
3279 3395
3279 3432
3280 3288
3280 3291
3280 3296
3280 3297
3280 3298
3280 3306
3280 3320
3280 3327
3280 3330
3280 3332
3280 3344
3280 3347
3280 3350
3280 3351
3280 3360
3280 3378
3280 3381
3280 3391
3280 3396
3280 3397
3280 3419
3280 3422
3280 3431
3280 3434
3281 3320
3281 3367
3281 3377
3281 3378
3281 3396
3283 3309
3283 3314
3283 3318
3283 3325
3283 3382
3283 3423
3284 3324
3284 3339
3284 3348
3284 3363
3284 3387
3284 3426
3285 3356
3285 3366
3285 3371
3285 3410
3285 3420
3286 3324
3286 3414
3286 3417
3287 3298
3287 3320
3287 3332
3287 3353
3287 3355
3287 3377
3287 3396
3287 3403
3287 3406
3287 3422
3288 3291
3288 3297
3288 3313
3288 3332
3288 3350
3288 3355
3288 3360
3288 3386
3288 3393
3288 3397
3288 3411
3288 3419
3288 3422
3288 3434
3289 3302
3289 3331
3289 3341
3289 3396
3291 3297
3291 3299
3291 3302
3291 3313
3291 3320
3291 3321
3291 3330
3291 3332
3291 3335
3291 3337
3291 3341
3291 3342
3291 3344
3291 3345
3291 3347
3291 3351
3291 3353
3291 3355
3291 3360
3291 3378
3291 3380
3291 3386
3291 3391
3291 3396
3291 3397
3291 3406
3291 3416
3291 3421
3291 3422
3291 3434
3292 3302
3292 3331
3292 3341
3293 3339
3293 3348
3293 3362
3293 3363
3293 3384
3293 3394
3293 3426
3293 3433
3293 3435
3294 3303
3294 3315
3294 3324
3294 3333
3294 3362
3295 3331
3295 3334
3295 3346
3295 3356
3295 3366
3295 3412
3295 3415
3296 3297
3296 3302
3296 3304
3296 3321
3296 3337
3296 3344
3296 3350
3296 3351
3296 3411
3296 3415
3296 3434
3297 3316
3297 3330
3297 3335
3297 3351
3297 3381
3297 3391
3297 3397
3297 3416
3297 3419
3298 3306
3298 3320
3298 3328
3298 3332
3298 3350
3298 3378
3298 3381
3298 3396
3299 3321
3299 3340
3299 3342
3299 3344
3299 3345
3299 3351
3299 3353
3299 3360
3299 3391
3299 3397
3299 3403
3299 3406
3299 3421
3299 3434
3300 3392
3300 3426
3300 3430
3301 3363
3301 3387
3301 3426
3301 3436
3302 3321
3302 3330
3302 3341
3302 3343
3302 3347
3302 3350
3302 3351
3302 3356
3302 3373
3302 3403
3303 3315
3303 3324
3303 3426
3304 3324
3304 3404
3305 3374
3306 3331
3306 3351
3306 3353
3306 3422
3307 3341
3307 3374
3307 3406
3308 3398
3308 3405
3309 3311
3309 3314
3309 3318
3309 3325
3309 3382
3309 3423
3311 3318
3311 3325
3311 3382
3312 3365
3312 3393
3313 3327
3313 3342
3314 3318
3314 3325
3314 3382
3314 3423
3315 3362
3316 3344
3316 3391
3316 3397
3316 3416
3316 3419
3317 3394
3318 3325
3318 3382
3318 3423
3319 3321
3319 3344
3319 3350
3319 3393
3319 3411
3320 3321
3320 3332
3320 3344
3320 3345
3320 3347
3320 3350
3320 3353
3320 3355
3320 3360
3320 3367
3320 3377
3320 3378
3320 3381
3320 3386
3320 3396
3320 3397
3320 3403
3320 3406
3320 3422
3320 3434
3321 3327
3321 3342
3321 3344
3321 3345
3321 3351
3321 3355
3321 3360
3321 3365
3321 3380
3321 3386
3321 3391
3321 3397
3321 3406
3321 3421
3321 3422
3321 3434
3322 3336
3323 3397
3324 3339
3324 3362
3324 3363
3324 3388
3324 3390
3324 3414
3324 3417
3324 3426
3325 3382
3325 3383
3325 3423
3326 3327
3326 3342
3326 3393
3326 3395
3327 3347
3327 3366
3327 3369
3327 3383
3327 3389
3327 3421
3327 3424
3328 3343
3328 3369
3329 3349
3329 3409
3329 3431
3330 3332
3330 3335
3330 3337
3330 3344
3330 3345
3330 3347
3330 3351
3330 3355
3330 3358
3330 3369
3330 3381
3330 3391
3330 3396
3330 3397
3330 3404
3330 3411
3330 3419
3330 3422
3330 3434
3331 3353
3331 3358
3331 3366
3331 3373
3331 3395
3331 3405
3332 3347
3332 3350
3332 3353
3332 3355
3332 3378
3332 3396
3332 3403
3332 3411
3332 3434
3333 3388
3333 3394
3334 3366
3335 3350
3335 3351
3335 3357
3335 3360
3335 3385
3335 3397
3335 3411
3335 3419
3335 3434
3337 3369
3338 3376
3338 3401
3338 3402
3338 3425
3338 3427
3339 3348
3339 3362
3339 3363
3339 3387
3339 3400
3339 3417
3339 3426
3340 3365
3341 3342
3341 3359
3341 3369
3342 3344
3342 3345
3342 3353
3342 3355
3342 3391
3342 3403
3342 3406
3342 3416
3342 3419
3342 3421
3343 3411
3344 3345
3344 3351
3344 3355
3344 3386
3344 3391
3344 3393
3344 3397
3344 3406
3344 3416
3344 3434
3345 3352
3345 3355
3345 3360
3345 3386
3345 3391
3345 3397
3345 3403
3345 3406
3345 3434
3346 3361
3346 3366
3346 3379
3346 3415
3346 3421
3347 3350
3347 3351
3347 3366
3347 3378
3347 3381
3347 3396
3347 3397
3347 3403
3347 3406
3347 3416
3347 3434
3348 3363
3348 3384
3348 3387
3348 3426
3348 3435
3349 3353
3349 3360
3350 3355
3350 3360
3350 3381
3350 3386
3350 3396
3350 3411
3351 3357
3351 3360
3351 3381
3351 3391
3351 3397
3351 3416
3351 3419
3351 3431
3351 3434
3352 3360
3353 3355
3353 3360
3353 3385
3353 3386
3353 3397
3353 3403
3353 3422
3353 3434
3355 3386
3355 3391
3355 3396
3355 3397
3355 3406
3355 3434
3356 3366
3356 3412
3357 3360
3358 3369
3358 3385
3359 3366
3359 3412
3360 3386
3360 3397
3360 3406
3360 3415
3360 3431
3360 3434
3362 3363
3362 3364
3362 3384
3362 3387
3362 3390
3362 3417
3362 3426
3362 3433
3362 3435
3363 3387
3363 3394
3363 3399
3363 3414
3363 3417
3363 3426
3363 3430
3363 3433
3364 3384
3364 3417
3364 3433
3364 3435
3365 3369
3365 3385
3365 3393
3365 3395
3365 3397
3365 3429
3366 3370
3366 3379
3366 3403
3366 3412
3366 3415
3367 3377
3367 3396
3369 3385
3369 3395
3371 3410
3371 3412
3371 3420
3376 3401
3376 3402
3376 3425
3376 3427
3377 3378
3377 3396
3377 3422
3378 3381
3378 3396
3378 3397
3378 3419
3379 3412
3381 3416
3381 3419
3381 3434
3382 3423
3384 3387
3384 3417
3384 3435
3386 3396
3386 3397
3386 3403
3386 3406
3386 3434
3387 3390
3387 3399
3387 3417
3387 3426
3387 3435
3388 3394
3390 3394
3391 3397
3391 3406
3391 3416
3391 3434
3392 3426
3392 3428
3392 3430
3394 3426
3395 3403
3395 3406
3395 3415
3396 3403
3396 3411
3396 3422
3396 3434
3397 3406
3397 3416
3397 3419
3397 3434
3398 3405
3399 3433
3401 3402
3401 3425
3401 3427
3402 3425
3402 3427
3403 3422
3406 3409
3406 3421
3406 3422
3406 3434
3410 3412
3410 3420
3411 3434
3412 3420
3416 3419
3416 3434
3417 3433
3417 3435
3419 3434
3422 3434
3425 3427
3426 3430
3437 3438
3437 3439
3437 3440
3437 3441
3437 3442
3437 3443
3437 3444
3437 3445
3437 3446
3437 3447
3437 3448
3437 3449
3437 3450
3437 3451
3437 3452
3437 3453
3437 3454
3437 3455
3437 3456
3437 3457
3437 3458
3437 3459
3437 3460
3437 3461
3437 3462
3437 3463
3437 3464
3437 3465
3437 3466
3437 3467
3437 3468
3437 3469
3437 3470
3437 3471
3437 3472
3437 3473
3437 3474
3437 3475
3437 3476
3437 3477
3437 3478
3437 3479
3437 3480
3437 3481
3437 3482
3437 3483
3437 3484
3437 3485
3437 3486
3437 3487
3437 3488
3437 3489
3437 3490
3437 3491
3437 3492
3437 3493
3437 3494
3437 3495
3437 3496
3437 3497
3437 3498
3437 3499
3437 3500
3437 3501
3437 3502
3437 3503
3437 3504
3437 3505
3437 3506
3437 3507
3437 3508
3437 3509
3437 3510
3437 3511
3437 3512
3437 3513
3437 3514
3437 3515
3437 3516
3437 3517
3437 3518
3437 3519
3437 3520
3437 3521
3437 3522
3437 3523
3437 3524
3437 3525
3437 3526
3437 3527
3437 3528
3437 3529
3437 3530
3437 3531
3437 3532
3437 3533
3437 3534
3437 3535
3437 3536
3437 3537
3437 3538
3437 3539
3437 3540
3437 3541
3437 3542
3437 3543
3437 3544
3437 3545
3437 3546
3437 3547
3437 3548
3437 3549
3437 3550
3437 3551
3437 3552
3437 3553
3437 3554
3437 3555
3437 3556
3437 3557
3437 3558
3437 3559
3437 3560
3437 3561
3437 3562
3437 3563
3437 3564
3437 3565
3437 3566
3437 3567
3437 3568
3437 3569
3437 3570
3437 3571
3437 3572
3437 3573
3437 3574
3437 3575
3437 3576
3437 3577
3437 3578
3437 3579
3437 3580
3437 3581
3437 3582
3437 3583
3437 3584
3437 3585
3437 3586
3437 3587
3437 3588
3437 3589
3437 3590
3437 3591
3437 3592
3437 3593
3437 3594
3437 3595
3437 3596
3437 3597
3437 3598
3437 3599
3437 3600
3437 3601
3437 3602
3437 3603
3437 3604
3437 3605
3437 3606
3437 3607
3437 3608
3437 3609
3437 3610
3437 3611
3437 3612
3437 3613
3437 3614
3437 3615
3437 3616
3437 3617
3437 3618
3437 3619
3437 3620
3437 3621
3437 3622
3437 3623
3437 3624
3437 3625
3437 3626
3437 3627
3437 3628
3437 3629
3437 3630
3437 3631
3437 3632
3437 3633
3437 3634
3437 3635
3437 3636
3437 3637
3437 3638
3437 3639
3437 3640
3437 3641
3437 3642
3437 3643
3437 3644
3437 3645
3437 3646
3437 3647
3437 3648
3437 3649
3437 3650
3437 3651
3437 3652
3437 3653
3437 3654
3437 3655
3437 3656
3437 3657
3437 3658
3437 3659
3437 3660
3437 3661
3437 3662
3437 3663
3437 3664
3437 3665
3437 3666
3437 3667
3437 3668
3437 3669
3437 3670
3437 3671
3437 3672
3437 3673
3437 3674
3437 3675
3437 3676
3437 3677
3437 3678
3437 3679
3437 3680
3437 3681
3437 3682
3437 3683
3437 3684
3437 3685
3437 3686
3437 3687
3437 3688
3437 3689
3437 3690
3437 3691
3437 3692
3437 3693
3437 3694
3437 3695
3437 3696
3437 3697
3437 3698
3437 3699
3437 3700
3437 3701
3437 3702
3437 3703
3437 3704
3437 3705
3437 3706
3437 3707
3437 3708
3437 3709
3437 3710
3437 3711
3437 3712
3437 3713
3437 3714
3437 3715
3437 3716
3437 3717
3437 3718
3437 3719
3437 3720
3437 3721
3437 3722
3437 3723
3437 3724
3437 3725
3437 3726
3437 3727
3437 3728
3437 3729
3437 3730
3437 3731
3437 3732
3437 3733
3437 3734
3437 3735
3437 3736
3437 3737
3437 3738
3437 3739
3437 3740
3437 3741
3437 3742
3437 3743
3437 3744
3437 3745
3437 3746
3437 3747
3437 3748
3437 3749
3437 3750
3437 3751
3437 3752
3437 3753
3437 3754
3437 3755
3437 3756
3437 3757
3437 3758
3437 3759
3437 3760
3437 3761
3437 3762
3437 3763
3437 3764
3437 3765
3437 3766
3437 3767
3437 3768
3437 3769
3437 3770
3437 3771
3437 3772
3437 3773
3437 3774
3437 3775
3437 3776
3437 3777
3437 3778
3437 3779
3437 3780
3437 3781
3437 3782
3437 3783
3437 3784
3437 3785
3437 3786
3437 3787
3437 3788
3437 3789
3437 3790
3437 3791
3437 3792
3437 3793
3437 3794
3437 3795
3437 3796
3437 3797
3437 3798
3437 3799
3437 3800
3437 3801
3437 3802
3437 3803
3437 3804
3437 3805
3437 3806
3437 3807
3437 3808
3437 3809
3437 3810
3437 3811
3437 3812
3437 3813
3437 3814
3437 3815
3437 3816
3437 3817
3437 3818
3437 3819
3437 3820
3437 3821
3437 3822
3437 3823
3437 3824
3437 3825
3437 3826
3437 3827
3437 3828
3437 3829
3437 3830
3437 3831
3437 3832
3437 3833
3437 3834
3437 3835
3437 3836
3437 3837
3437 3838
3437 3839
3437 3840
3437 3841
3437 3842
3437 3843
3437 3844
3437 3845
3437 3846
3437 3847
3437 3848
3437 3849
3437 3850
3437 3851
3437 3852
3437 3853
3437 3854
3437 3855
3437 3856
3437 3857
3437 3858
3437 3859
3437 3860
3437 3861
3437 3862
3437 3863
3437 3864
3437 3865
3437 3866
3437 3867
3437 3868
3437 3869
3437 3870
3437 3871
3437 3872
3437 3873
3437 3874
3437 3875
3437 3876
3437 3877
3437 3878
3437 3879
3437 3880
3437 3881
3437 3882
3437 3883
3437 3884
3437 3885
3437 3886
3437 3887
3437 3888
3437 3889
3437 3890
3437 3891
3437 3892
3437 3893
3437 3894
3437 3895
3437 3896
3437 3897
3437 3898
3437 3899
3437 3900
3437 3901
3437 3902
3437 3903
3437 3904
3437 3905
3437 3906
3437 3907
3437 3908
3437 3909
3437 3910
3437 3911
3437 3912
3437 3913
3437 3914
3437 3915
3437 3916
3437 3917
3437 3918
3437 3919
3437 3920
3437 3921
3437 3922
3437 3923
3437 3924
3437 3925
3437 3926
3437 3927
3437 3928
3437 3929
3437 3930
3437 3931
3437 3932
3437 3933
3437 3934
3437 3935
3437 3936
3437 3937
3437 3938
3437 3939
3437 3940
3437 3941
3437 3942
3437 3943
3437 3944
3437 3945
3437 3946
3437 3947
3437 3948
3437 3949
3437 3950
3437 3951
3437 3952
3437 3953
3437 3954
3437 3955
3437 3956
3437 3957
3437 3958
3437 3959
3437 3960
3437 3961
3437 3962
3437 3963
3437 3964
3437 3965
3437 3966
3437 3967
3437 3968
3437 3969
3437 3970
3437 3971
3437 3972
3437 3973
3437 3974
3437 3975
3437 3976
3437 3977
3437 3978
3437 3979
3438 3448
3438 3449
3438 3456
3438 3480
3438 3491
3438 3501
3438 3517
3438 3522
3438 3533
3438 3540
3438 3545
3438 3586
3438 3633
3438 3677
3438 3693
3438 3734
3438 3760
3438 3784
3438 3842
3438 3851
3438 3877
3438 3938
3438 3971
3439 3513
3439 3616
3439 3638
3439 3647
3439 3699
3439 3716
3439 3799
3439 3932
3440 3495
3440 3501
3440 3525
3440 3540
3440 3545
3440 3576
3440 3596
3440 3600
3440 3633
3440 3684
3440 3697
3440 3703
3440 3734
3440 3755
3440 3780
3440 3797
3440 3805
3440 3842
3440 3851
3440 3877
3440 3886
3440 3938
3440 3968
3440 3971
3441 3536
3441 3538
3441 3546
3441 3662
3441 3949
3442 3455
3442 3470
3442 3472
3442 3505
3442 3508
3442 3521
3442 3526
3442 3553
3442 3590
3442 3597
3442 3599
3442 3608
3442 3615
3442 3629
3442 3636
3442 3644
3442 3663
3442 3678
3442 3685
3442 3698
3442 3705
3442 3710
3442 3713
3442 3715
3442 3722
3442 3728
3442 3735
3442 3740
3442 3753
3442 3773
3442 3778
3442 3791
3442 3802
3442 3835
3442 3850
3442 3865
3442 3867
3442 3876
3442 3907
3442 3918
3442 3921
3442 3936
3442 3941
3442 3977
3443 3460
3443 3464
3443 3466
3443 3469
3443 3529
3443 3554
3443 3582
3443 3593
3443 3630
3443 3634
3443 3645
3443 3738
3443 3752
3443 3829
3443 3859
3443 3906
3443 3909
3443 3915
3443 3937
3443 3956
3443 3972
3444 3742
3444 3849
3444 3861
3444 3904
3445 3538
3445 3628
3445 3725
3445 3743
3445 3819
3445 3868
3446 3490
3446 3531
3446 3546
3446 3549
3446 3580
3446 3585
3446 3624
3446 3662
3446 3814
3446 3863
3447 3580
3447 3624
3447 3679
3447 3682
3447 3894
3448 3449
3448 3456
3448 3471
3448 3475
3448 3485
3448 3491
3448 3495
3448 3501
3448 3527
3448 3540
3448 3545
3448 3577
3448 3586
3448 3596
3448 3604
3448 3609
3448 3611
3448 3633
3448 3640
3448 3642
3448 3677
3448 3684
3448 3693
3448 3697
3448 3734
3448 3737
3448 3756
3448 3779
3448 3797
3448 3800
3448 3804
3448 3828
3448 3830
3448 3838
3448 3841
3448 3845
3448 3851
3448 3860
3448 3889
3448 3930
3448 3938
3448 3943
3448 3944
3448 3948
3448 3966
3449 3456
3449 3480
3449 3491
3449 3495
3449 3501
3449 3517
3449 3545
3449 3577
3449 3586
3449 3596
3449 3604
3449 3609
3449 3618
3449 3625
3449 3633
3449 3651
3449 3674
3449 3677
3449 3684
3449 3692
3449 3693
3449 3721
3449 3734
3449 3737
3449 3756
3449 3788
3449 3796
3449 3797
3449 3800
3449 3805
3449 3830
3449 3838
3449 3841
3449 3851
3449 3873
3449 3877
3449 3889
3449 3938
3449 3943
3449 3948
3449 3962
3449 3971
3450 3497
3450 3528
3450 3545
3450 3596
3450 3604
3450 3605
3450 3642
3450 3672
3450 3730
3450 3731
3450 3737
3450 3790
3450 3804
3450 3838
3450 3860
3450 3913
3450 3930
3452 3462
3452 3488
3452 3545
3452 3573
3452 3576
3452 3596
3452 3603
3452 3611
3452 3658
3452 3824
3452 3838
3452 3877
3452 3891
3452 3902
3452 3966
3454 3547
3454 3586
3454 3605
3454 3621
3454 3642
3454 3673
3454 3677
3454 3693
3454 3775
3454 3779
3454 3861
3454 3880
3455 3470
3455 3498
3455 3505
3455 3521
3455 3526
3455 3553
3455 3588
3455 3590
3455 3599
3455 3608
3455 3629
3455 3636
3455 3663
3455 3685
3455 3710
3455 3713
3455 3715
3455 3722
3455 3728
3455 3735
3455 3740
3455 3753
3455 3769
3455 3773
3455 3778
3455 3802
3455 3815
3455 3827
3455 3835
3455 3850
3455 3862
3455 3867
3455 3876
3455 3886
3455 3907
3455 3921
3456 3461
3456 3495
3456 3501
3456 3514
3456 3545
3456 3557
3456 3577
3456 3586
3456 3596
3456 3604
3456 3609
3456 3618
3456 3633
3456 3651
3456 3654
3456 3674
3456 3677
3456 3687
3456 3692
3456 3693
3456 3697
3456 3703
3456 3734
3456 3750
3456 3756
3456 3762
3456 3797
3456 3800
3456 3804
3456 3824
3456 3830
3456 3831
3456 3841
3456 3842
3456 3851
3456 3858
3456 3873
3456 3884
3456 3938
3456 3943
3456 3948
3456 3962
3456 3968
3456 3971
3457 3703
3457 3830
3457 3831
3457 3938
3457 3944
3458 3468
3458 3493
3458 3506
3458 3569
3458 3584
3458 3593
3458 3643
3458 3648
3458 3711
3458 3718
3458 3719
3458 3792
3458 3793
3458 3810
3458 3822
3458 3900
3458 3903
3458 3951
3458 3969
3459 3469
3459 3529
3459 3534
3459 3564
3459 3614
3459 3645
3459 3758
3459 3763
3459 3770
3459 3782
3459 3793
3459 3812
3459 3825
3459 3945
3460 3464
3460 3466
3460 3469
3460 3474
3460 3515
3460 3529
3460 3568
3460 3601
3460 3602
3460 3630
3460 3634
3460 3726
3460 3752
3460 3761
3460 3768
3460 3782
3460 3786
3460 3829
3460 3881
3460 3900
3460 3915
3460 3931
3460 3937
3460 3945
3460 3956
3460 3972
3461 3495
3461 3559
3461 3831
3461 3930
3461 3934
3461 3968
3462 3488
3462 3559
3462 3576
3462 3596
3462 3604
3462 3611
3462 3672
3462 3756
3462 3762
3462 3800
3462 3824
3462 3838
3462 3877
3462 3891
3462 3926
3462 3930
3462 3934
3462 3966
3463 3486
3463 3506
3463 3555
3463 3558
3463 3569
3463 3591
3463 3593
3463 3680
3463 3705
3463 3706
3463 3714
3463 3793
3463 3794
3463 3822
3463 3826
3463 3861
3463 3869
3463 3906
3463 3909
3463 3924
3463 3931
3463 3947
3463 3951
3464 3466
3464 3469
3464 3474
3464 3510
3464 3529
3464 3554
3464 3583
3464 3601
3464 3602
3464 3604
3464 3612
3464 3617
3464 3630
3464 3634
3464 3668
3464 3680
3464 3724
3464 3726
3464 3738
3464 3761
3464 3764
3464 3777
3464 3823
3464 3829
3464 3895
3464 3915
3464 3945
3464 3956
3465 3476
3465 3519
3465 3571
3465 3579
3465 3675
3465 3701
3465 3708
3465 3757
3465 3759
3465 3774
3465 3836
3465 3837
3465 3918
3465 3957
3465 3975
3466 3469
3466 3510
3466 3529
3466 3554
3466 3583
3466 3602
3466 3634
3466 3652
3466 3668
3466 3680
3466 3726
3466 3738
3466 3761
3466 3784
3466 3821
3466 3829
3466 3881
3466 3915
3466 3937
3466 3945
3466 3956
3466 3972
3467 3533
3467 3830
3468 3524
3468 3529
3468 3532
3468 3534
3468 3535
3468 3568
3468 3584
3468 3601
3468 3622
3468 3623
3468 3645
3468 3680
3468 3718
3468 3758
3468 3764
3468 3777
3468 3782
3468 3810
3468 3823
3468 3826
3468 3866
3468 3878
3468 3881
3468 3900
3468 3927
3468 3945
3468 3956
3469 3474
3469 3510
3469 3529
3469 3554
3469 3561
3469 3604
3469 3630
3469 3634
3469 3668
3469 3726
3469 3738
3469 3752
3469 3761
3469 3764
3469 3825
3469 3829
3469 3881
3469 3915
3469 3927
3469 3945
3469 3956
3469 3972
3470 3520
3470 3521
3470 3553
3470 3599
3470 3629
3470 3710
3470 3753
3470 3767
3470 3769
3470 3773
3470 3778
3470 3796
3470 3876
3471 3475
3471 3484
3471 3485
3471 3526
3471 3540
3471 3543
3471 3545
3471 3611
3471 3672
3471 3684
3471 3702
3471 3838
3471 3845
3471 3851
3471 3852
3471 3873
3471 3877
3471 3902
3471 3930
3471 3938
3471 3940
3471 3966
3471 3971
3472 3482
3472 3505
3472 3508
3472 3521
3472 3526
3472 3553
3472 3598
3472 3629
3472 3644
3472 3685
3472 3698
3472 3840
3472 3850
3473 3538
3473 3541
3473 3567
3473 3595
3473 3628
3473 3725
3473 3739
3473 3743
3473 3819
3473 3857
3473 3868
3473 3871
3473 3874
3473 3892
3473 3912
3473 3917
3474 3554
3474 3602
3474 3604
3474 3630
3474 3634
3474 3738
3474 3761
3474 3764
3474 3823
3474 3829
3474 3915
3474 3945
3474 3956
3474 3967
3475 3484
3475 3485
3475 3488
3475 3501
3475 3526
3475 3543
3475 3545
3475 3586
3475 3611
3475 3642
3475 3672
3475 3684
3475 3702
3475 3828
3475 3838
3475 3842
3475 3845
3475 3851
3475 3852
3475 3873
3475 3877
3475 3902
3475 3926
3475 3930
3475 3938
3475 3940
3475 3948
3475 3966
3475 3971
3476 3519
3476 3579
3476 3675
3476 3701
3476 3708
3476 3757
3476 3759
3476 3774
3476 3809
3476 3836
3476 3837
3476 3957
3476 3975
3477 3565
3477 3637
3477 3651
3477 3756
3477 3847
3478 3500
3478 3587
