3714 3823
3714 3829
3714 3833
3714 3869
3714 3870
3714 3900
3714 3906
3714 3924
3714 3951
3715 3740
3715 3815
3715 3835
3715 3867
3715 3907
3715 3921
3716 3799
3716 3932
3717 3744
3717 3830
3718 3758
3718 3792
3718 3793
3718 3810
3718 3822
3718 3826
3718 3833
3718 3870
3718 3896
3718 3900
3718 3903
3718 3906
3718 3924
3718 3947
3718 3951
3718 3969
3719 3758
3719 3764
3719 3770
3719 3810
3719 3895
3719 3924
3719 3927
3719 3951
3720 3749
3720 3751
3720 3787
3720 3789
3720 3802
3720 3918
3720 3923
3721 3741
3721 3756
3721 3796
3721 3797
3721 3830
3721 3858
3721 3860
3721 3873
3721 3877
3721 3938
3721 3948
3721 3968
3722 3728
3722 3740
3722 3753
3722 3773
3722 3778
3722 3802
3722 3827
3722 3835
3722 3850
3722 3862
3722 3876
3722 3907
3722 3918
3722 3921
3723 3961
3725 3739
3725 3743
3725 3819
3725 3857
3725 3868
3725 3871
3725 3874
3725 3892
3725 3912
3725 3917
3726 3738
3726 3752
3726 3829
3726 3861
3726 3909
3726 3945
3726 3956
3726 3972
3727 3745
3727 3771
3727 3949
3728 3735
3728 3740
3728 3753
3728 3769
3728 3815
3728 3835
3728 3862
3728 3867
3728 3907
3728 3921
3730 3731
3730 3737
3730 3790
3730 3800
3730 3804
3730 3824
3730 3832
3730 3913
3730 3926
3731 3736
3731 3762
3731 3785
3731 3790
3731 3800
3731 3804
3731 3824
3731 3858
3731 3860
3731 3877
3731 3884
3731 3891
3731 3902
3731 3913
3731 3926
3731 3938
3731 3966
3733 3861
3733 3954
3734 3737
3734 3756
3734 3760
3734 3788
3734 3800
3734 3824
3734 3830
3734 3841
3734 3851
3734 3873
3734 3877
3734 3884
3734 3929
3734 3938
3734 3948
3734 3962
3734 3968
3734 3971
3735 3740
3735 3753
3735 3867
3735 3921
3736 3785
3736 3830
3736 3831
3736 3842
3736 3873
3736 3938
3736 3948
3736 3968
3737 3790
3737 3800
3737 3804
3737 3824
3737 3838
3737 3858
3737 3860
3737 3873
3737 3884
3737 3930
3737 3938
3737 3966
3738 3752
3738 3754
3738 3761
3738 3782
3738 3821
3738 3829
3738 3859
3738 3915
3738 3937
3738 3945
3738 3956
3738 3972
3739 3743
3739 3819
3739 3868
3739 3871
3739 3874
3739 3892
3739 3912
3740 3815
3740 3835
3740 3862
3740 3865
3740 3867
3740 3907
3740 3921
3740 3977
3741 3780
3741 3797
3741 3830
3741 3851
3741 3852
3741 3877
3741 3938
3741 3948
3741 3966
3742 3849
3742 3861
3742 3954
3743 3819
3743 3857
3743 3868
3743 3871
3743 3874
3743 3892
3743 3912
3743 3917
3744 3830
3745 3812
3745 3949
3746 3846
3747 3766
3747 3776
3747 3783
3747 3791
3747 3809
3747 3920
3747 3933
3747 3960
3747 3964
3747 3967
3749 3751
3749 3789
3749 3918
3749 3923
3750 3756
3750 3779
3750 3795
3750 3797
3750 3830
3750 3831
3750 3851
3750 3877
3750 3884
3750 3938
3750 3948
3750 3950
3750 3968
3750 3971
3751 3787
3751 3789
3751 3923
3752 3761
3752 3764
3752 3829
3752 3915
3752 3937
3752 3945
3752 3972
3753 3773
3753 3778
3753 3802
3753 3835
3753 3850
3753 3867
3753 3876
3753 3907
3753 3921
3754 3927
3755 3830
3755 3926
3755 3971
3756 3772
3756 3785
3756 3797
3756 3800
3756 3824
3756 3828
3756 3830
3756 3841
3756 3851
3756 3877
3756 3884
3756 3886
3756 3889
3756 3929
3756 3938
3756 3943
3756 3944
3756 3948
3756 3962
3756 3968
3757 3759
3757 3774
3757 3836
3757 3837
3757 3899
3757 3918
3757 3957
3757 3975
3758 3761
3758 3764
3758 3768
3758 3777
3758 3782
3758 3786
3758 3793
3758 3810
3758 3818
3758 3825
3758 3829
3758 3833
3758 3855
3758 3906
3758 3924
3758 3937
3758 3945
3758 3947
3758 3951
3758 3969
3759 3774
3759 3836
3759 3837
3759 3918
3759 3957
3759 3965
3759 3975
3760 3830
3760 3948
3760 3962
3761 3829
3761 3915
3761 3945
3761 3956
3761 3972
3762 3800
3762 3804
3762 3824
3762 3884
3762 3902
3762 3930
3762 3934
3763 3782
3763 3793
3763 3799
3763 3810
3763 3924
3764 3767
3764 3793
3764 3810
3764 3818
3764 3821
3764 3825
3764 3834
3764 3881
3764 3895
3764 3915
3764 3927
3764 3931
3764 3972
3765 3830
3765 3930
3766 3776
3766 3791
3766 3809
3766 3933
3766 3964
3767 3782
3767 3803
3767 3829
3767 3927
3767 3958
3768 3770
3768 3782
3768 3786
3768 3793
3768 3810
3768 3818
3768 3866
3768 3906
3768 3914
3768 3945
3768 3947
3769 3778
3769 3977
3771 3855
3771 3949
3771 3956
3772 3779
3772 3847
3772 3950
3772 3968
3773 3778
3773 3802
3773 3850
3774 3836
3774 3837
3774 3899
3774 3910
3774 3918
3774 3957
3774 3975
3775 3847
3775 3895
3775 3953
3776 3783
3776 3791
3776 3809
3776 3920
3776 3933
3776 3960
3776 3964
3776 3967
3777 3803
3777 3829
3778 3827
3778 3876
3779 3872
3779 3930
3779 3938
3779 3941
3779 3979
3780 3842
3780 3851
3780 3877
3780 3929
3780 3966
3780 3971
3781 3823
3781 3946
3782 3786
3782 3793
3782 3810
3782 3818
3782 3836
3782 3866
3782 3881
3782 3906
3782 3927
3782 3931
3782 3945
3782 3947
3783 3791
3783 3809
3783 3920
3783 3933
3783 3960
3784 3793
3784 3833
3784 3896
3784 3906
3784 3947
3784 3973
3785 3800
3785 3858
3785 3860
3785 3966
3786 3793
3786 3810
3786 3822
3786 3900
3786 3906
3786 3945
3786 3947
3787 3923
3788 3841
3789 3807
3789 3918
3789 3923
3790 3800
3790 3804
3790 3824
3790 3828
3790 3830
3790 3832
3790 3838
3790 3845
3790 3851
3790 3858
3790 3860
3790 3884
3790 3902
3790 3913
3790 3926
3790 3938
3791 3809
3791 3901
3791 3920
3791 3933
3791 3960
3791 3964
3791 3967
3792 3822
3792 3882
3792 3924
3792 3951
3792 3969
3793 3794
3793 3803
3793 3810
3793 3818
3793 3822
3793 3825
3793 3826
3793 3833
3793 3866
3793 3870
3793 3896
3793 3900
3793 3906
3793 3924
3793 3931
3793 3947
3793 3951
3793 3973
3793 3976
3794 3822
3794 3826
3794 3833
3794 3855
3794 3869
3794 3870
3794 3900
3794 3903
3794 3906
3794 3909
3794 3914
3794 3924
3794 3947
3794 3951
3794 3969
3795 3830
3795 3929
3796 3797
3796 3851
3796 3950
3797 3830
3797 3842
3797 3851
3797 3872
3797 3886
3797 3938
3797 3948
3797 3962
3797 3968
3797 3971
3799 3844
3799 3848
3799 3918
3799 3932
3799 3952
3800 3804
3800 3824
3800 3830
3800 3838
3800 3851
3800 3913
3800 3926
3800 3938
3800 3943
3800 3944
3800 3962
3801 3885
3801 3921
3802 3835
3802 3907
3802 3921
3803 3821
3803 3869
3803 3890
3803 3906
3804 3824
3804 3830
3804 3838
3804 3845
3804 3858
3804 3860
3804 3884
3804 3902
3804 3913
3804 3926
3804 3930
3804 3938
3805 3916
3805 3950
3806 3894
3806 3905
3806 3963
3809 3887
3809 3901
3809 3920
3809 3933
3809 3960
3810 3833
3810 3855
3810 3881
3810 3896
3810 3906
3810 3924
3810 3947
3810 3951
3811 3949
3813 3830
3813 3864
3813 3911
3814 3949
3815 3835
3815 3867
3815 3907
3815 3921
3817 3831
3817 3842
3817 3851
3817 3971
3818 3866
3818 3896
3819 3868
3819 3874
3819 3912
3819 3917
3821 3825
3821 3829
3821 3834
3821 3878
3821 3881
3821 3906
3821 3927
3821 3931
3821 3933
3821 3947
3822 3826
3822 3833
3822 3855
3822 3869
3822 3870
3822 3896
3822 3900
3822 3906
3822 3909
3822 3924
3822 3951
3822 3969
3822 3976
3823 3927
3823 3946
3823 3956
3824 3830
3824 3831
3824 3838
3824 3858
3824 3860
3824 3873
3824 3877
3824 3884
3824 3902
3824 3913
3824 3926
3824 3938
3824 3966
3825 3843
3825 3893
3825 3927
3825 3931
3826 3833
3826 3869
3826 3870
3826 3890
3826 3896
3826 3900
3826 3906
3826 3909
3826 3924
3826 3947
3826 3951
3826 3958
3826 3969
3826 3976
3828 3838
3828 3860
3828 3938
3828 3966
3829 3843
3829 3900
3829 3915
3829 3945
3829 3956
3829 3972
3830 3831
3830 3832
3830 3841
3830 3842
3830 3851
3830 3858
3830 3860
3830 3864
3830 3873
3830 3880
3830 3883
3830 3886
3830 3898
3830 3902
3830 3911
3830 3913
3830 3918
3830 3919
3830 3926
3830 3930
3830 3943
3830 3948
3830 3957
3830 3962
3830 3966
3830 3968
3830 3970
3830 3971
3831 3842
3831 3851
3831 3884
3831 3938
3831 3968
3831 3971
3833 3869
3833 3896
3833 3900
3833 3906
3833 3909
3833 3924
3833 3947
3833 3951
3833 3969
3833 3973
3833 3976
3834 3881
3835 3850
3835 3862
3835 3867
3835 3907
3835 3921
3836 3837
3836 3893
3836 3899
3836 3910
3836 3918
3836 3957
3836 3964
3836 3975
3837 3918
3837 3957
3837 3975
3838 3845
3838 3851
3838 3852
3838 3860
3838 3877
3838 3884
3838 3891
3838 3902
3838 3926
3838 3930
3838 3934
3838 3938
3838 3940
3838 3943
3838 3944
3838 3966
3838 3971
3840 3850
3841 3851
3841 3929
3841 3938
3841 3948
3841 3950
3841 3962
3842 3851
3842 3873
3842 3877
3842 3886
3842 3908
3842 3929
3842 3938
3842 3948
3842 3966
3842 3968
3842 3971
3843 3927
3844 3848
3845 3851
3845 3891
3845 3902
3845 3966
3847 3916
3847 3953
3847 3979
3848 3918
3849 3861
3849 3904
3851 3873
3851 3877
3851 3889
3851 3938
3851 3943
3851 3948
3851 3966
3851 3968
3851 3971
3852 3873
3852 3877
3852 3886
3852 3902
3852 3926
3852 3966
3852 3971
3854 3918
3855 3976
3857 3868
3857 3917
3858 3860
3858 3884
3858 3913
3858 3926
3858 3930
3858 3938
3859 3861
3859 3870
3860 3884
3860 3902
3860 3913
3860 3930
3860 3938
3860 3966
3861 3904
3861 3954
3862 3867
3862 3921
3863 3894
3864 3911
3866 3881
3866 3906
3866 3947
3867 3907
3867 3921
3868 3874
3868 3892
3868 3912
3868 3917
3869 3870
3869 3900
3869 3906
3869 3924
3869 3931
3869 3947
3870 3896
3870 3900
3870 3903
3870 3906
3870 3924
3870 3947
3870 3951
3871 3917
3872 3888
3872 3950
3872 3979
3873 3877
3873 3886
3873 3902
3873 3938
3873 3943
3873 3948
3873 3962
3873 3966
3873 3968
3873 3971
3874 3892
3874 3912
3874 3917
3875 3887
3877 3886
3877 3902
3877 3929
3877 3930
3877 3938
3877 3943
3877 3948
3877 3962
3877 3966
3877 3968
3877 3971
3878 3903
3879 3918
3880 3908
3880 3970
3883 3898
3883 3919
3884 3902
3884 3926
3884 3930
3884 3938
3884 3948
3884 3968
3884 3971
3886 3948
3886 3962
3886 3968
3886 3971
3887 3931
3888 3950
3888 3979
3889 3938
3889 3943
3890 3927
3891 3902
3891 3916
3891 3926
3891 3930
3891 3966
3892 3912
3892 3917
3893 3941
3894 3963
3896 3903
3896 3924
3896 3951
3896 3969
3896 3976
3897 3908
3898 3919
3899 3957
3900 3906
3900 3909
3900 3924
3900 3947
3900 3951
3900 3969
3900 3976
3901 3918
3901 3933
3902 3926
3902 3930
3902 3934
3902 3938
3902 3940
3902 3966
3903 3924
3903 3951
3903 3969
3906 3909
3906 3924
3906 3931
3906 3937
3906 3969
3906 3973
3906 3976
3907 3921
3907 3960
3909 3924
3909 3931
3909 3945
3909 3976
3912 3917
3914 3915
3914 3967
3914 3978
3915 3945
3915 3956
3915 3972
3916 3950
3918 3923
3918 3957
3918 3975
3920 3933
3920 3960
3920 3964
3920 3967
3924 3947
3924 3951
3924 3969
3924 3976
3925 3961
3926 3930
3926 3934
3926 3938
3926 3943
3926 3966
3926 3968
3926 3971
3927 3945
3929 3948
3930 3934
3930 3938
3930 3941
3931 3947
3933 3960
3933 3964
3933 3967
3937 3945
3938 3943
3938 3948
3938 3962
3938 3966
3938 3968
3938 3971
3939 3963
3940 3966
3943 3948
3944 3948
3944 3962
3945 3956
3945 3972
3947 3951
3947 3973
3947 3976
3948 3962
3948 3968
3948 3971
3950 3979
3951 3958
3951 3969
3956 3964
3956 3972
3957 3975
3960 3967
3962 3968
3964 3967
3966 3971
3968 3971
3980 3981
3980 3982
3980 3983
3980 3984
3980 3985
3980 3986
3980 3987
3980 3988
3980 3989
3980 3990
3980 3991
3980 3992
3980 3993
3980 3994
3980 3995
3980 3996
3980 3997
3980 3998
3980 3999
3980 4000
3980 4001
3980 4002
3980 4003
3980 4004
3980 4005
3980 4006
3980 4007
3980 4008
3980 4009
3980 4010
3980 4011
3980 4012
3980 4013
3980 4014
3980 4015
3980 4016
3980 4017
3980 4018
3980 4019
3980 4020
3980 4021
3980 4022
3980 4023
3980 4024
3980 4025
3980 4026
3980 4027
3980 4028
3980 4029
3980 4030
3980 4031
3980 4032
3980 4033
3980 4034
3980 4035
3980 4036
3980 4037
3980 4038
3981 3994
3981 3997
3981 3998
3981 4009
3981 4018
3981 4019
3981 4023
3982 3986
3982 3988
3982 3994
3982 3997
3982 3998
3982 4003
3982 4009
3982 4014
3982 4021
3982 4023
3982 4026
3982 4030
3982 4037
3983 4017
3985 3988
3985 3993
3985 3995
3985 4004
3985 4014
3986 4000
3986 4014
3986 4017
3986 4021
3986 4026
3986 4030
3986 4033
3987 4012
3988 3993
3988 3995
3988 4021
3988 4030
3989 3991
3989 4011
3989 4013
3989 4038
3990 4007
3990 4016
3990 4025
3991 4031
3992 4000
3992 4017
3993 3995
3993 4004
3993 4030
3994 3996
3994 3997
3994 3998
3994 4009
3994 4018
3994 4019
3994 4023
3994 4030
3995 4000
3995 4004
3995 4014
3995 4023
3995 4026
3996 4002
3996 4028
3997 3998
3997 4009
3997 4018
3997 4019
3997 4021
3997 4023
3997 4030
3998 3999
3998 4002
3998 4005
3998 4009
3998 4014
3998 4018
3998 4019
3998 4021
3998 4023
3999 4005
3999 4036
4000 4017
4000 4021
4000 4026
4000 4030
4000 4033
4001 4029
4002 4020
4002 4023
4002 4027
4002 4031
4003 4009
4003 4023
4003 4030
4004 4013
4004 4020
4004 4023
4004 4030
4004 4031
4004 4038
4006 4027
4007 4016
4007 4025
4009 4019
4009 4023
4009 4030
4011 4031
4013 4023
4013 4031
4013 4038
4014 4017
4014 4021
4014 4023
4014 4030
4014 4037
4014 4038
4016 4025
4017 4021
4017 4026
4017 4030
4018 4023
4018 4030
4019 4026
4019 4030
4020 4027
4020 4030
4020 4031
4020 4037
4020 4038
4021 4026
4021 4030
4023 4030
4023 4031
4023 4034
4023 4038
4026 4030
4027 4031
4027 4032
4027 4038
4031 4038
